# theta [deg]	wasp_takeoff_angle [deg]	n_b	lat_0 [deg]	lon_0 [deg]	Travel Time [s]	Celerity [km/s]	Turning Height [km]	Inclination [deg]	Back Azimuth [deg]	Geo. Atten. [dB]	Atmo. Atten. [dB]
0	0	0	48.19245	43.45	3789.3024	0.27762664	112.39016	0.0006049686	180	-45.394538	-0.86234722
1	0	0	43.398712	43.45	1874.3227	0.27692972	112.39661	0.99993846	180	-57.549418	-0.43147881
2	0	0	43.337705	43.45	1854.461	0.27623819	112.41592	1.9999359	180	-60.392888	-0.43239749
3	0	0	43.277334	43.45	1834.7898	0.2755417	112.44809	2.9998418	180	-62.072514	-0.43393663
4	0	0	43.216785	43.45	1815.0518	0.2748293	112.49309	3.9998898	180	-63.296211	-0.4361076
5	0	0	43.155486	43.45	1795.0698	0.27409205	112.5509	4.999717	180	-64.274034	-0.43892619
6	0	0	43.093071	43.45	1774.7343	0.27332275	112.62147	5.9998428	180	-65.09036	-0.44241227
7	0	0	43.0294	43.45	1754.0095	0.27251647	112.70478	6.9998236	180	-65.7872	-0.44658971
8	0	0	42.964465	43.45	1732.9029	0.27166961	112.80076	7.9997384	180	-66.388331	-0.45148618
9	0	0	42.898353	43.45	1711.4541	0.27077969	112.90937	8.9998348	180	-66.909962	-0.45713306
10	0	0	42.831241	43.45	1689.7297	0.26984532	113.03057	9.9998227	180	-67.363141	-0.46356551
11	0	0	42.763325	43.45	1667.8033	0.26886558	113.16429	10.999939	180	-67.757362	-0.47082029
12	0	0	42.694835	43.45	1645.7588	0.26784019	113.31048	11.999881	180	-68.100139	-0.47893564
13	0	0	42.625991	43.45	1623.676	0.26676904	113.46909	12.999844	180	-68.39769	-0.4879536
14	0	0	42.557012	43.45	1601.6331	0.26565232	113.64004	13.999866	180	-68.655512	-0.49791963
15	0	0	42.48811	43.45	1579.7058	0.26449047	113.8233	14.999781	180	-68.878298	-0.50888282
16	0	0	42.419467	43.45	1557.9592	0.26328394	114.01879	15.999775	180	-69.070285	-0.52089628
17	0	0	42.351259	43.45	1536.455	0.26203337	114.22647	16.999777	180	-69.234687	-0.53401943
18	0	0	42.283641	43.45	1515.2474	0.2607395	114.44633	17.999742	180	-69.374784	-0.54831905
19	0	0	42.216738	43.45	1494.3803	0.25940298	114.67833	18.99994	180	-69.493405	-0.56386611
20	0	0	42.150682	43.45	1473.8996	0.25802486	114.92247	19.999746	180	-69.592911	-0.58073742

0	10	0	48.025261	45.896424	3789.3024	0.27762664	112.39016	0.00060496915	-168.31411	-45.376614	-0.86122369
1	10	0	43.322692	44.563218	1874.3227	0.27692972	112.39661	0.99993846	-169.26868	-57.558389	-0.42997513
2	10	0	43.26275	44.547619	1854.461	0.27623819	112.41592	1.9999359	-169.27937	-60.402059	-0.4308823
3	10	0	43.203432	44.532212	1834.7898	0.2755417	112.44809	2.9998418	-169.28993	-62.081873	-0.432408
4	10	0	43.143937	44.51679	1815.0518	0.2748293	112.49309	3.9998898	-169.30048	-63.305756	-0.43456344
5	10	0	43.083703	44.501208	1795.0698	0.27409205	112.5509	4.999717	-169.31113	-64.283767	-0.43736422
6	10	0	43.02237	44.485374	1774.7343	0.27332275	112.62147	5.9998428	-169.32194	-65.100284	-0.44083008
7	10	0	42.959801	44.469253	1754.0095	0.27251647	112.70478	6.9998236	-169.33293	-65.797318	-0.44498473
8	10	0	42.895986	44.452846	1732.9029	0.27166961	112.80076	7.9997384	-169.3441	-66.398644	-0.44985571
9	10	0	42.831013	44.436176	1711.4541	0.27077969	112.90937	8.9998348	-169.35544	-66.920469	-0.45547425
10	10	0	42.765055	44.419291	1689.7297	0.26984532	113.03057	9.9998227	-169.36692	-67.373839	-0.46187539
11	10	0	42.698304	44.402239	1667.8033	0.26886558	113.16429	10.999939	-169.37849	-67.768246	-0.46909572
12	10	0	42.630986	44.38508	1645.7588	0.26784019	113.31048	11.999881	-169.39012	-68.1112	-0.47717335
13	10	0	42.563318	44.367871	1623.676	0.26676904	113.46909	12.999844	-169.40176	-68.408919	-0.48615016
14	10	0	42.495514	44.350664	1601.6331	0.26565232	113.64004	13.999866	-169.4134	-68.666898	-0.49607142
15	10	0	42.427783	44.333514	1579.7058	0.26449047	113.8233	14.999781	-169.42497	-68.889827	-0.50698603
16	10	0	42.360305	44.316466	1557.9592	0.26328394	114.01879	15.999775	-169.43647	-69.08194	-0.51894692
17	10	0	42.293252	44.299562	1536.455	0.26203337	114.22647	16.999777	-169.44785	-69.246454	-0.53201326
18	10	0	42.226776	44.282839	1515.2474	0.2607395	114.44633	17.999742	-169.4591	-69.386644	-0.54625157
19	10	0	42.161001	44.266328	1494.3803	0.25940298	114.67833	18.99994	-169.47019	-69.505338	-0.56173255
20	10	0	42.096056	44.250059	1473.8996	0.25802486	114.92247	19.999746	-169.4811	-69.6049	-0.5785327

0	20	0	47.531933	48.227091	3789.3024	0.27762664	112.39016	0.00060497334	-156.72339	-45.336717	-0.85709997
1	20	0	43.0975	45.634924	1874.3227	0.27692972	112.39661	0.99993846	-158.56791	-57.588627	-0.42549302
2	20	0	43.040706	45.604423	1854.461	0.27623819	112.41592	1.9999359	-158.58873	-60.432743	-0.4263685
3	20	0	42.984498	45.574296	1834.7898	0.2755417	112.44809	2.9998418	-158.60929	-62.112976	-0.4278568
4	20	0	42.928116	45.544135	1815.0518	0.2748293	112.49309	3.9998898	-158.62984	-63.337273	-0.4299686
5	20	0	42.871028	45.513658	1795.0698	0.27409205	112.5509	4.999717	-158.65059	-64.315705	-0.43271903
6	20	0	42.812892	45.482683	1774.7343	0.27332275	112.62147	5.9998428	-158.67165	-65.132655	-0.43612741
7	20	0	42.753578	45.451145	1754.0095	0.27251647	112.70478	6.9998236	-158.69307	-65.830132	-0.44021704
8	20	0	42.693076	45.419042	1732.9029	0.27166961	112.80076	7.9997384	-158.71485	-66.431908	-0.44501506
9	20	0	42.63147	45.386422	1711.4541	0.27077969	112.90937	8.9998348	-158.73695	-66.95418	-0.4505523
10	20	0	42.568922	45.353375	1689.7297	0.26984532	113.03057	9.9998227	-158.75932	-67.40799	-0.45686337
11	20	0	42.505614	45.319999	1667.8033	0.26886558	113.16429	10.999939	-158.78189	-67.802821	-0.46398445
12	20	0	42.441763	45.28641	1645.7588	0.26784019	113.31048	11.999881	-158.80457	-68.146177	-0.4719532
13	20	0	42.377571	45.252715	1623.676	0.26676904	113.46909	12.999844	-158.82729	-68.44427	-0.48081103
14	20	0	42.313243	45.219024	1601.6331	0.26565232	113.64004	13.999866	-158.84999	-68.70259	-0.49060272
15	20	0	42.248977	45.185439	1579.7058	0.26449047	113.8233	14.999781	-158.87258	-68.925822	-0.5013766
16	20	0	42.184944	45.152049	1557.9592	0.26328394	114.01879	15.999775	-158.89502	-69.118196	-0.51318499
17	20	0	42.121307	45.118936	1536.455	0.26203337	114.22647	16.999777	-158.91724	-69.282924	-0.52608641
18	20	0	42.05821	45.086176	1515.2474	0.2607395	114.44633	17.999742	-158.9392	-69.423279	-0.5401466
19	20	0	41.995771	45.053826	1494.3803	0.25940298	114.67833	18.99994	-158.96086	-69.542087	-0.55543544
20	20	0	41.934114	45.021948	1473.8996	0.25802486	114.92247	19.999746	-158.98217	-69.641707	-0.57202859

0	30	0	46.736202	50.338531	3789.3024	0.27762664	112.39016	0.00060496841	-145.31109	-45.310971	-0.84821712
1	30	0	42.731557	46.62609	1874.3227	0.27692972	112.39661	0.99993846	-147.92601	-57.648143	-0.41815601
2	30	0	42.679853	46.582023	1854.461	0.27623819	112.41592	1.9999359	-147.9559	-60.492559	-0.41898744
3	30	0	42.628672	46.538489	1834.7898	0.2755417	112.44809	2.9998418	-147.9854	-62.173059	-0.42042225
4	30	0	42.577324	46.494897	1815.0518	0.2748293	112.49309	3.9998898	-148.01491	-63.397626	-0.42247046
5	30	0	42.525323	46.450839	1795.0698	0.27409205	112.5509	4.999717	-148.0447	-64.37635	-0.42514651
6	30	0	42.472357	46.406054	1774.7343	0.27332275	112.62147	5.9998428	-148.07496	-65.193619	-0.42846907
7	30	0	42.418308	46.360446	1754.0095	0.27251647	112.70478	6.9998236	-148.10574	-65.891436	-0.43246085
8	30	0	42.363167	46.314013	1732.9029	0.27166961	112.80076	7.9997384	-148.13704	-66.493564	-0.43714837
9	30	0	42.307008	46.266823	1711.4541	0.27077969	112.90937	8.9998348	-148.16882	-67.016189	-0.44256183
10	30	0	42.249979	46.219004	1689.7297	0.26984532	113.03057	9.9998227	-148.20099	-67.47034	-0.44873517
11	30	0	42.192247	46.170701	1667.8033	0.26886558	113.16429	10.999939	-148.23345	-67.865492	-0.45570388
12	30	0	42.134007	46.122078	1645.7588	0.26784019	113.31048	11.999881	-148.26609	-68.209136	-0.46350495
13	30	0	42.075445	46.073295	1623.676	0.26676904	113.46909	12.999844	-148.2988	-68.507478	-0.47217902
14	30	0	42.016747	46.024506	1601.6331	0.26565232	113.64004	13.999866	-148.33147	-68.765998	-0.48177006
15	30	0	41.958093	45.975861	1579.7058	0.26449047	113.8233	14.999781	-148.36402	-68.989376	-0.49232554
16	30	0	41.899641	45.927488	1557.9592	0.26328394	114.01879	15.999775	-148.39634	-69.181834	-0.50389683
17	30	0	41.841539	45.87951	1536.455	0.26203337	114.22647	16.999777	-148.42836	-69.346581	-0.51654136
18	30	0	41.78392	45.832032	1515.2474	0.2607395	114.44633	17.999742	-148.46002	-69.486884	-0.53032369
19	30	0	41.72689	45.78514	1494.3803	0.25940298	114.67833	18.99994	-148.49124	-69.605564	-0.54531243
20	30	0	41.670564	45.738923	1473.8996	0.25802486	114.92247	19.999746	-148.52199	-69.70498	-0.56158184

0	40	0	45.674629	52.148694	3789.3024	0.27762664	112.39016	0.00060496111	-134.13974	-45.342161	-0.83295521
1	40	0	42.238325	47.502341	1874.3227	0.27692972	112.39661	0.99993846	-137.3672	-57.744581	-0.40827902
2	40	0	42.193428	47.446569	1854.461	0.27623819	112.41592	1.9999359	-137.40467	-60.588694	-0.40906455
3	40	0	42.148972	47.391457	1834.7898	0.2755417	112.44809	2.9998418	-137.44167	-62.268868	-0.41044072
4	40	0	42.104359	47.336261	1815.0518	0.2748293	112.49309	3.9998898	-137.4787	-63.493131	-0.41241681
5	40	0	42.059167	47.28046	1795.0698	0.27409205	112.5509	4.999717	-137.51609	-64.471596	-0.41500653
6	40	0	42.013124	47.223724	1774.7343	0.27332275	112.62147	5.9998428	-137.55408	-65.28865	-0.41822786
7	40	0	41.966126	47.165932	1754.0095	0.27251647	112.70478	6.9998236	-137.59275	-65.98629	-0.42210274
8	40	0	41.918164	47.107079	1732.9029	0.27166961	112.80076	7.9997384	-137.63208	-66.588261	-0.42665695
9	40	0	41.869304	47.047251	1711.4541	0.27077969	112.90937	8.9998348	-137.67203	-67.110735	-0.43191987
10	40	0	41.819672	46.986612	1689.7297	0.26984532	113.03057	9.9998227	-137.71249	-67.564725	-0.43792458
11	40	0	41.769413	46.925341	1667.8033	0.26886558	113.16429	10.999939	-137.75332	-67.959692	-0.4447057
12	40	0	41.718696	46.86365	1645.7588	0.26784019	113.31048	11.999881	-137.7944	-68.303118	-0.45229931
13	40	0	41.667684	46.801739	1623.676	0.26676904	113.46909	12.999844	-137.83558	-68.601195	-0.4607451
14	40	0	41.616538	46.739804	1601.6331	0.26565232	113.64004	13.999866	-137.87673	-68.859396	-0.47008597
15	40	0	41.565417	46.678036	1579.7058	0.26449047	113.8233	14.999781	-137.91773	-69.082393	-0.48036827
16	40	0	41.514455	46.616598	1557.9592	0.26328394	114.01879	15.999775	-137.95847	-69.274403	-0.49164216
17	40	0	41.463784	46.555645	1536.455	0.26203337	114.22647	16.999777	-137.99885	-69.438627	-0.50396371
18	40	0	41.413519	46.495313	1515.2474	0.2607395	114.44633	17.999742	-138.03878	-69.57833	-0.51739593
19	40	0	41.363754	46.43571	1494.3803	0.25940298	114.67833	18.99994	-138.07819	-69.696328	-0.53200581
20	40	0	41.31459	46.376952	1473.8996	0.25802486	114.92247	19.999746	-138.117	-69.794976	-0.54786585

0	50	0	44.392975	53.60122	3789.3024	0.27762664	112.39016	0.00060496245	-123.24734	-45.459104	-0.81093117
1	50	0	41.635519	48.235533	1874.3227	0.27692972	112.39661	0.99993846	-126.9102	-57.879409	-0.39648814
2	50	0	41.598861	48.170302	1854.461	0.27623819	112.41592	1.9999359	-126.95352	-60.722312	-0.3972365
3	50	0	41.56255	48.105825	1834.7898	0.2755417	112.44809	2.9998418	-126.99632	-62.401273	-0.3985602
4	50	0	41.526096	48.04123	1815.0518	0.2748293	112.49309	3.9998898	-127.03915	-63.624371	-0.40046794
5	50	0	41.489154	47.97591	1795.0698	0.27409205	112.5509	4.999717	-127.08244	-64.601737	-0.40297284
6	50	0	41.451501	47.909477	1774.7343	0.27332275	112.62147	5.9998428	-127.12644	-65.41776	-0.40609215
7	50	0	41.413051	47.841787	1754.0095	0.27251647	112.70478	6.9998236	-127.17123	-66.114418	-0.40984708
8	50	0	41.373796	47.772834	1732.9029	0.27166961	112.80076	7.9997384	-127.21682	-66.715439	-0.41426256
9	50	0	41.333788	47.702719	1711.4541	0.27077969	112.90937	8.9998348	-127.26315	-67.236973	-0.4193671
10	50	0	41.293132	47.63163	1689.7297	0.26984532	113.03057	9.9998227	-127.31008	-67.690017	-0.42519278
11	50	0	41.251943	47.55978	1667.8033	0.26886558	113.16429	10.999939	-127.35748	-68.084016	-0.43177323
12	50	0	41.210362	47.487414	1645.7588	0.26784019	113.31048	11.999881	-127.40517	-68.42644	-0.43914352
13	50	0	41.16852	47.414767	1623.676	0.26676904	113.46909	12.999844	-127.45301	-68.723472	-0.44734221
14	50	0	41.12655	47.342071	1601.6331	0.26565232	113.64004	13.999866	-127.50085	-68.980575	-0.45641103
15	50	0	41.084582	47.269548	1579.7058	0.26449047	113.8233	14.999781	-127.54853	-69.202417	-0.46639506
16	50	0	41.042726	47.197391	1557.9592	0.26328394	114.01879	15.999775	-127.59593	-69.393207	-0.47734308
17	50	0	41.001091	47.125782	1536.455	0.26203337	114.22647	16.999777	-127.64293	-69.556143	-0.48930963
18	50	0	40.959772	47.054881	1515.2474	0.2607395	114.44633	17.999742	-127.68943	-69.694483	-0.50235599
19	50	0	40.918848	46.984817	1494.3803	0.25940298	114.67833	18.99994	-127.73534	-69.811043	-0.51654734
20	50	0	40.8784	46.915725	1473.8996	0.25802486	114.92247	19.999746	-127.78057	-69.908175	-0.53195419

0	60	0	42.942436	54.665047	3789.3024	0.27762664	112.39016	0.00060495617	-112.64812	-45.661822	-0.78360231
1	60	0	40.944164	48.804661	1874.3227	0.27692972	112.39661	0.99993846	-116.56765	-58.044289	-0.3838131
2	60	0	40.916855	48.732452	1854.461	0.27623819	112.41592	1.9999359	-116.61496	-60.885067	-0.38454114
3	60	0	40.889787	48.661055	1834.7898	0.2755417	112.44809	2.9998418	-116.66171	-62.561922	-0.385828
4	60	0	40.862596	48.589507	1815.0518	0.2748293	112.49309	3.9998898	-116.70853	-63.782982	-0.38768213
5	60	0	40.835022	48.517132	1795.0698	0.27409205	112.5509	4.999717	-116.75587	-64.758397	-0.39011621
6	60	0	40.8069	48.443501	1774.7343	0.27332275	112.62147	5.9998428	-116.804	-65.572546	-0.39314696
7	60	0	40.778164	48.368453	1754.0095	0.27251647	112.70478	6.9998236	-116.85304	-66.26739	-0.3967949
8	60	0	40.748807	48.291981	1732.9029	0.27166961	112.80076	7.9997384	-116.90297	-66.866632	-0.40108421
9	60	0	40.718867	48.214194	1711.4541	0.27077969	112.90937	8.9998348	-116.95373	-67.386402	-0.40604248
10	60	0	40.68842	48.135301	1689.7297	0.26984532	113.03057	9.9998227	-117.00518	-67.837678	-0.41170081
11	60	0	40.657554	48.055536	1667.8033	0.26886558	113.16429	10.999939	-117.05716	-68.229891	-0.41809182
12	60	0	40.626372	47.975172	1645.7588	0.26784019	113.31048	11.999881	-117.10951	-68.570499	-0.42524953
13	60	0	40.594972	47.894469	1623.676	0.26676904	113.46909	12.999844	-117.16204	-68.865678	-0.4332114
14	60	0	40.563454	47.813683	1601.6331	0.26565232	113.64004	13.999866	-117.21459	-69.120884	-0.44201794
15	60	0	40.531915	47.733062	1579.7058	0.26449047	113.8233	14.999781	-117.267	-69.340778	-0.45171294
16	60	0	40.50044	47.652822	1557.9592	0.26328394	114.01879	15.999775	-117.31913	-69.529569	-0.46234381
17	60	0	40.469109	47.573164	1536.455	0.26203337	114.22647	16.999777	-117.37084	-69.690449	-0.47396355
18	60	0	40.437995	47.494268	1515.2474	0.2607395	114.44633	17.999742	-117.42204	-69.826675	-0.48663171
19	60	0	40.407157	47.416278	1494.3803	0.25940298	114.67833	18.99994	-117.47261	-69.941059	-0.50041163
20	60	0	40.376658	47.339346	1473.8996	0.25802486	114.92247	19.999746	-117.52246	-70.035955	-0.5153719

0	70	0	41.376362	55.330828	3789.3024	0.27762664	112.39016	0.00060494927	-102.33659	-45.921652	-0.75429151
1	70	0	40.187584	49.196105	1874.3227	0.27692972	112.39661	0.99993846	-106.3461	-58.221409	-0.37169586
2	70	0	40.170389	49.119493	1854.461	0.27623819	112.41592	1.9999359	-106.39553	-61.059429	-0.37242434
3	70	0	40.153323	49.043719	1834.7898	0.2755417	112.44809	2.9998418	-106.4444	-62.733562	-0.3736958
4	70	0	40.136158	48.967759	1815.0518	0.2748293	112.49309	3.9998898	-106.49337	-63.951978	-0.37551878
5	70	0	40.11873	48.890898	1795.0698	0.27409205	112.5509	4.999717	-106.5429	-64.924839	-0.37790583
6	70	0	40.100932	48.812678	1774.7343	0.27332275	112.62147	5.9998428	-106.5933	-65.736514	-0.38087334
7	70	0	40.082722	48.732926	1754.0095	0.27251647	112.70478	6.9998236	-106.64466	-66.428941	-0.38444137
8	70	0	40.064093	48.651634	1732.9029	0.27166961	112.80076	7.9997384	-106.69699	-67.025802	-0.38863341
9	70	0	40.045069	48.568916	1711.4541	0.27077969	112.90937	8.9998348	-106.75022	-67.543205	-0.39347632
10	70	0	40.025698	48.484993	1689.7297	0.26984532	113.03057	9.9998227	-106.80421	-67.99211	-0.39900031
11	70	0	40.006032	48.400113	1667.8033	0.26886558	113.16429	10.999939	-106.85879	-68.381937	-0.40523709
12	70	0	39.986137	48.314566	1645.7588	0.26784019	113.31048	11.999881	-106.91377	-68.720135	-0.41221976
13	70	0	39.966077	48.228627	1623.676	0.26676904	113.46909	12.999844	-106.96898	-69.012873	-0.41998476
14	70	0	39.945913	48.142569	1601.6331	0.26565232	113.64004	13.999866	-107.02425	-69.265604	-0.42857155
15	70	0	39.925708	48.056658	1579.7058	0.26449047	113.8233	14.999781	-107.0794	-69.482987	-0.43802276
16	70	0	39.905517	47.971122	1557.9592	0.26328394	114.01879	15.999775	-107.13428	-69.669227	-0.44838459
17	70	0	39.885391	47.886177	1536.455	0.26203337	114.22647	16.999777	-107.18877	-69.827516	-0.45970869
18	70	0	39.865378	47.802015	1515.2474	0.2607395	114.44633	17.999742	-107.24272	-69.961111	-0.47205307
19	70	0	39.845517	47.718793	1494.3803	0.25940298	114.67833	18.99994	-107.29606	-70.072823	-0.4854795
20	70	0	39.825849	47.636671	1473.8996	0.25802486	114.92247	19.999746	-107.34866	-70.165007	-0.50005484

0	80	0	39.747739	55.606004	3789.3024	0.27762664	112.39016	0.00060495054	-92.293024	-46.19408	-0.72769365
1	80	0	39.390415	49.403333	1874.3227	0.27692972	112.39661	0.99993846	-96.246488	-58.387215	-0.3618585
2	80	0	39.38375	49.324869	1854.461	0.27623819	112.41592	1.9999359	-96.296278	-61.222298	-0.36260699
3	80	0	39.377104	49.24724	1834.7898	0.2755417	112.44809	2.9998418	-96.345531	-62.893534	-0.36388557
4	80	0	39.370386	49.169396	1815.0518	0.2748293	112.49309	3.9998898	-96.394914	-64.109127	-0.36570316
5	80	0	39.363532	49.090604	1795.0698	0.27409205	112.5509	4.999717	-96.44489	-65.079248	-0.36807251
6	80	0	39.356498	49.010393	1774.7343	0.27332275	112.62147	5.9998428	-96.49576	-65.88825	-0.37100994
7	80	0	39.349266	48.928584	1754.0095	0.27251647	112.70478	6.9998236	-96.547634	-66.578054	-0.37453525
8	80	0	39.341832	48.845168	1732.9029	0.27166961	112.80076	7.9997384	-96.60052	-67.172318	-0.37867153
9	80	0	39.334202	48.76026	1711.4541	0.27077969	112.90937	8.9998348	-96.654342	-67.687133	-0.38344509
10	80	0	39.326393	48.674086	1689.7297	0.26984532	113.03057	9.9998227	-96.708958	-68.133446	-0.38888553
11	80	0	39.318426	48.586899	1667.8033	0.26886558	113.16429	10.999939	-96.764208	-68.520669	-0.39502385
12	80	0	39.310326	48.498995	1645.7588	0.26784019	113.31048	11.999881	-96.819901	-68.856244	-0.4018925
13	80	0	39.302118	48.410658	1623.676	0.26676904	113.46909	12.999844	-96.875859	-69.146337	-0.40952716
14	80	0	39.293826	48.322168	1601.6331	0.26565232	113.64004	13.999866	-96.931905	-69.396398	-0.4179665
15	80	0	39.285477	48.233797	1579.7058	0.26449047	113.8233	14.999781	-96.987865	-69.611089	-0.42725231
16	80	0	39.277093	48.145782	1557.9592	0.26328394	114.01879	15.999775	-97.04359	-69.794613	-0.43742993
17	80	0	39.268696	48.058344	1536.455	0.26203337	114.22647	16.999777	-97.098939	-69.950163	-0.44854999
18	80	0	39.260308	47.971683	1515.2474	0.2607395	114.44633	17.999742	-97.153787	-70.080997	-0.46066943
19	80	0	39.251945	47.885958	1494.3803	0.25940298	114.67833	18.99994	-97.208033	-70.189929	-0.47384883
20	80	0	39.243626	47.801339	1473.8996	0.25802486	114.92247	19.999746	-97.261569	-70.279313	-0.48815386

0	90	0	38.107459	55.509926	3789.3024	0.27762664	112.39016	0.00060496427	-82.488788	-46.433607	-0.70889588
1	90	0	38.577693	49.426252	1874.3227	0.27692972	112.39661	0.99993846	-86.265082	-58.517438	-0.35599539
2	90	0	38.581641	49.348375	1854.461	0.27623819	112.41592	1.9999359	-86.313647	-61.349874	-0.35677753
3	90	0	38.585498	49.271302	1834.7898	0.2755417	112.44809	2.9998418	-86.361713	-63.018504	-0.35808203
4	90	0	38.589315	49.193994	1815.0518	0.2748293	112.49309	3.9998898	-86.409931	-64.231551	-0.35991841
5	90	0	38.593127	49.11572	1795.0698	0.27409205	112.5509	4.999717	-86.458755	-65.199187	-0.36229981
6	90	0	38.596955	49.036013	1774.7343	0.27332275	112.62147	5.9998428	-86.508478	-66.005752	-0.36524276
7	90	0	38.600804	48.954693	1754.0095	0.27251647	112.70478	6.9998236	-86.55921	-66.693151	-0.36876707
8	90	0	38.604672	48.871748	1732.9029	0.27166961	112.80076	7.9997384	-86.610961	-67.285028	-0.37289572
9	90	0	38.60855	48.787293	1711.4541	0.27077969	112.90937	8.9998348	-86.663659	-67.797458	-0.3776548
10	90	0	38.612425	48.70155	1689.7297	0.26984532	113.03057	9.9998227	-86.717164	-68.241383	-0.3830736
11	90	0	38.616282	48.61477	1667.8033	0.26886558	113.16429	10.999939	-86.771321	-68.626207	-0.38918282
12	90	0	38.620107	48.527248	1645.7588	0.26784019	113.31048	11.999881	-86.825946	-68.959373	-0.39601456
13	90	0	38.623886	48.439264	1623.676	0.26676904	113.46909	12.999844	-86.880864	-69.247043	-0.40360414
14	90	0	38.627606	48.351098	1601.6331	0.26565232	113.64004	13.999866	-86.9359	-69.494671	-0.41198985
15	90	0	38.631256	48.263021	1579.7058	0.26449047	113.8233	14.999781	-86.990885	-69.706917	-0.4212131
16	90	0	38.634827	48.175268	1557.9592	0.26328394	114.01879	15.999775	-87.045672	-69.887991	-0.43131879
17	90	0	38.63831	48.088061	1536.455	0.26203337	114.22647	16.999777	-87.100122	-70.041084	-0.44235713
18	90	0	38.641699	48.0016	1515.2474	0.2607395	114.44633	17.999742	-87.15411	-70.169459	-0.45438451
19	90	0	38.644989	47.916046	1494.3803	0.25940298	114.67833	18.99994	-87.207536	-70.275931	-0.46746102
20	90	0	38.648177	47.831567	1473.8996	0.25802486	114.92247	19.999746	-87.260295	-70.362858	-0.48165178

0	100	0	36.50322	55.069824	3789.3024	0.27762664	112.39016	0.00060495502	-72.890933	-46.603095	-0.70199385
1	100	0	37.774066	49.270367	1874.3227	0.27692972	112.39661	0.99993846	-76.394447	-58.591435	-0.35533071
2	100	0	37.788393	49.195335	1854.461	0.27623819	112.41592	1.9999359	-76.440415	-61.421913	-0.35615143
3	100	0	37.802524	49.121059	1834.7898	0.2755417	112.44809	2.9998418	-76.485935	-63.08862	-0.35749351
4	100	0	37.81665	49.046535	1815.0518	0.2748293	112.49309	3.9998898	-76.531621	-64.299782	-0.35936715
5	100	0	37.830903	48.971058	1795.0698	0.27409205	112.5509	4.999717	-76.577906	-65.265567	-0.36178602
6	100	0	37.845366	48.894178	1774.7343	0.27332275	112.62147	5.9998428	-76.625066	-66.070306	-0.36476704
7	100	0	37.860068	48.815719	1754.0095	0.27251647	112.70478	6.9998236	-76.673211	-66.755893	-0.36833028
8	100	0	37.875009	48.73567	1732.9029	0.27166961	112.80076	7.9997384	-76.722349	-67.345963	-0.37249892
9	100	0	37.890165	48.654138	1711.4541	0.27077969	112.90937	8.9998348	-76.772413	-67.856586	-0.37729918
10	100	0	37.905492	48.571338	1689.7297	0.26984532	113.03057	9.9998227	-76.823273	-68.298701	-0.38276046
11	100	0	37.920944	48.487511	1667.8033	0.26886558	113.16429	10.999939	-76.874783	-68.68171	-0.38891353
12	100	0	37.936467	48.402939	1645.7588	0.26784019	113.31048	11.999881	-76.926767	-69.013059	-0.3957906
13	100	0	37.952009	48.317895	1623.676	0.26676904	113.46909	12.999844	-76.97906	-69.298912	-0.40342707
14	100	0	37.967519	48.232648	1601.6331	0.26565232	113.64004	13.999866	-77.031496	-69.544725	-0.41186132
15	100	0	37.982951	48.147459	1579.7058	0.26449047	113.8233	14.999781	-77.083915	-69.755163	-0.4211349
16	100	0	37.998264	48.062557	1557.9592	0.26328394	114.01879	15.999775	-77.136175	-69.934438	-0.43129285
17	100	0	38.013419	47.978157	1536.455	0.26203337	114.22647	16.999777	-77.188144	-70.085745	-0.44238551
18	100	0	38.028384	47.894452	1515.2474	0.2607395	114.44633	17.999742	-77.239702	-70.212351	-0.45446947
19	100	0	38.043132	47.811598	1494.3803	0.25940298	114.67833	18.99994	-77.290752	-70.317073	-0.46760503
20	100	0	38.057636	47.729761	1473.8996	0.25802486	114.92247	19.999746	-77.341193	-70.402272	-0.48185752

0	110	0	34.978869	54.317862	3789.3024	0.27762664	112.39016	0.0006049648	-63.465603	-46.677217	-0.70870888
1	110	0	37.003112	48.945884	1874.3227	0.27692972	112.39661	0.99993846	-66.624496	-58.595176	-0.36020658
2	110	0	37.027297	48.875739	1854.461	0.27623819	112.41592	1.9999359	-66.666725	-61.424672	-0.36106254
3	110	0	37.051188	48.806282	1834.7898	0.2755417	112.44809	2.9998418	-66.708564	-63.090424	-0.36244608
4	110	0	37.075109	48.736576	1815.0518	0.2748293	112.49309	3.9998898	-66.750575	-64.300645	-0.36436798
5	110	0	37.099285	48.665962	1795.0698	0.27409205	112.5509	4.999717	-66.793157	-65.265493	-0.36684245
6	110	0	37.123858	48.594016	1774.7343	0.27332275	112.62147	5.9998428	-66.836567	-66.069293	-0.36988691
7	110	0	37.148881	48.520575	1754.0095	0.27251647	112.70478	6.9998236	-66.880905	-66.753937	-0.37352192
8	110	0	37.174354	48.445624	1732.9029	0.27166961	112.80076	7.9997384	-66.92618	-67.34306	-0.37777113
9	110	0	37.200239	48.369264	1711.4541	0.27077969	112.90937	8.9998348	-66.972333	-67.852733	-0.38266122
10	110	0	37.226467	48.291695	1689.7297	0.26984532	113.03057	9.9998227	-67.019246	-68.293898	-0.38822207
11	110	0	37.252957	48.213142	1667.8033	0.26886558	113.16429	10.999939	-67.066783	-68.675963	-0.39448497
12	110	0	37.279618	48.133869	1645.7588	0.26784019	113.31048	11.999881	-67.114784	-69.006377	-0.40148261
13	110	0	37.306364	48.05413	1623.676	0.26676904	113.46909	12.999844	-67.163097	-69.291309	-0.40925093
14	110	0	37.333108	47.974178	1601.6331	0.26565232	113.64004	13.999866	-67.211569	-69.53622	-0.41782891
15	110	0	37.359769	47.894257	1579.7058	0.26449047	113.8233	14.999781	-67.260052	-69.74578	-0.4272587
16	110	0	37.386276	47.814582	1557.9592	0.26328394	114.01879	15.999775	-67.308415	-69.924205	-0.43758602
17	110	0	37.412562	47.735356	1536.455	0.26203337	114.22647	16.999777	-67.356534	-70.074693	-0.44886198
18	110	0	37.438569	47.656759	1515.2474	0.2607395	114.44633	17.999742	-67.4043	-70.200515	-0.46114403
19	110	0	37.46425	47.57894	1494.3803	0.25940298	114.67833	18.99994	-67.451621	-70.304492	-0.47449335
20	110	0	37.489555	47.502053	1473.8996	0.25802486	114.92247	19.999746	-67.498402	-70.388989	-0.48897628

0	120	0	33.573991	53.289205	3789.3024	0.27762664	112.39016	0.00060496549	-54.180371	-46.643121	-0.72775206
1	120	0	36.286789	48.466863	1874.3227	0.27692972	112.39661	0.99993846	-56.943422	-58.523223	-0.36992477
2	120	0	36.32005	48.403401	1854.461	0.27623819	112.41592	1.9999359	-56.980995	-61.352889	-0.37080766
3	120	0	36.35293	48.340548	1834.7898	0.2755417	112.44809	2.9998418	-57.018237	-63.018826	-0.37223068
4	120	0	36.385875	48.277457	1815.0518	0.2748293	112.49309	3.9998898	-57.055649	-64.22922	-0.37420501
5	120	0	36.419194	48.213529	1795.0698	0.27409205	112.5509	4.999717	-57.093587	-65.194215	-0.37674536
6	120	0	36.453084	48.148382	1774.7343	0.27332275	112.62147	5.9998428	-57.13228	-65.998134	-0.37986967
7	120	0	36.48762	48.081865	1754.0095	0.27251647	112.70478	6.9998236	-57.171818	-66.682874	-0.38359913
8	120	0	36.522804	48.013965	1732.9029	0.27166961	112.80076	7.9997384	-57.212212	-67.27208	-0.38795804
9	120	0	36.558585	47.944773	1711.4541	0.27077969	112.90937	8.9998348	-57.253408	-67.781834	-0.39297382
10	120	0	36.594867	47.874468	1689.7297	0.26984532	113.03057	9.9998227	-57.295303	-68.223086	-0.39867718
11	120	0	36.631541	47.803253	1667.8033	0.26886558	113.16429	10.999939	-57.337776	-68.605254	-0.4051002
12	120	0	36.668483	47.731368	1645.7588	0.26784019	113.31048	11.999881	-57.380686	-68.935792	-0.41227642
13	120	0	36.705571	47.659041	1623.676	0.26676904	113.46909	12.999844	-57.423897	-69.220879	-0.4202427
14	120	0	36.742689	47.586503	1601.6331	0.26565232	113.64004	13.999866	-57.467272	-69.46598	-0.42903897
15	120	0	36.779722	47.513975	1579.7058	0.26449047	113.8233	14.999781	-57.510679	-69.675771	-0.43870843
16	120	0	36.81657	47.441652	1557.9592	0.26328394	114.01879	15.999775	-57.554	-69.854472	-0.44929791
17	120	0	36.853143	47.369717	1536.455	0.26203337	114.22647	16.999777	-57.597126	-70.005287	-0.46085978
18	120	0	36.889356	47.298336	1515.2474	0.2607395	114.44633	17.999742	-57.639956	-70.131488	-0.47345288
19	120	0	36.925144	47.227643	1494.3803	0.25940298	114.67833	18.99994	-57.682409	-70.235901	-0.48713989
20	120	0	36.960438	47.15778	1473.8996	0.25802486	114.92247	19.999746	-57.724397	-70.320892	-0.50198872

0	130	0	32.323629	52.020862	3789.3024	0.27762664	112.39016	0.00060495531	-45.005659	-46.501283	-0.75536519
1	130	0	35.644965	47.850452	1874.3227	0.27692972	112.39661	0.99993846	-47.338462	-58.380349	-0.38293373
2	130	0	35.686295	47.795217	1854.461	0.27623819	112.41592	1.9999359	-47.370668	-61.211387	-0.38383427
3	130	0	35.727169	47.740502	1834.7898	0.2755417	112.44809	2.9998418	-47.402601	-62.878699	-0.38529183
4	130	0	35.768139	47.685569	1815.0518	0.2748293	112.49309	3.9998898	-47.434694	-64.090429	-0.38731781
5	130	0	35.80959	47.629899	1795.0698	0.27409205	112.5509	4.999717	-47.46725	-65.056703	-0.3899273
6	130	0	35.85177	47.573155	1774.7343	0.27332275	112.62147	5.9998428	-47.500467	-65.861848	-0.39313878
7	130	0	35.894771	47.515207	1754.0095	0.27251647	112.70478	6.9998236	-47.534424	-66.547774	-0.39697407
8	130	0	35.938598	47.456042	1732.9029	0.27166961	112.80076	7.9997384	-47.569131	-67.138145	-0.40145828
9	130	0	35.983188	47.39574	1711.4541	0.27077969	112.90937	8.9998348	-47.604542	-67.64906	-0.40661972
10	130	0	36.028422	47.334455	1689.7297	0.26984532	113.03057	9.9998227	-47.64057	-68.091485	-0.41249008
11	130	0	36.074167	47.272364	1667.8033	0.26886558	113.16429	10.999939	-47.677111	-68.47485	-0.41910249
12	130	0	36.120266	47.209675	1645.7588	0.26784019	113.31048	11.999881	-47.714045	-68.806621	-0.42649153
13	130	0	36.166569	47.146588	1623.676	0.26676904	113.46909	12.999844	-47.751254	-69.092984	-0.4346952
14	130	0	36.212931	47.083302	1601.6331	0.26565232	113.64004	13.999866	-47.788622	-69.339411	-0.44375464
15	130	0	36.259208	47.020012	1579.7058	0.26449047	113.8233	14.999781	-47.826033	-69.550583	-0.45371437
16	130	0	36.305276	46.956886	1557.9592	0.26328394	114.01879	15.999775	-47.863389	-69.730724	-0.4646226
17	130	0	36.351021	46.894086	1536.455	0.26203337	114.22647	16.999777	-47.900592	-69.883043	-0.47653324
18	130	0	36.396337	46.831755	1515.2474	0.2607395	114.44633	17.999742	-47.937557	-70.010815	-0.48950691
19	130	0	36.441142	46.770013	1494.3803	0.25940298	114.67833	18.99994	-47.974213	-70.116868	-0.50360811
20	130	0	36.485349	46.708982	1473.8996	0.25802486	114.92247	19.999746	-48.010484	-70.20357	-0.51890672

0	140	0	31.258041	50.551059	3789.3024	0.27762664	112.39016	0.00060496568	-35.915433	-46.267982	-0.7865968
1	140	0	35.095052	47.116242	1874.3227	0.27692972	112.39661	0.99993846	-37.796484	-58.183082	-0.39723332
2	140	0	35.143252	47.070518	1854.461	0.27623819	112.41592	1.9999359	-37.822788	-61.016582	-0.39814393
3	140	0	35.190931	47.025219	1834.7898	0.2755417	112.44809	2.9998418	-37.848879	-62.686344	-0.39963018
4	140	0	35.238734	46.979732	1815.0518	0.2748293	112.49309	3.9998898	-37.875109	-63.900458	-0.40170357
5	140	0	35.287111	46.933627	1795.0698	0.27409205	112.5509	4.999717	-37.901727	-64.869031	-0.40437945
6	140	0	35.336351	46.886626	1774.7343	0.27332275	112.62147	5.9998428	-37.928894	-65.676397	-0.40767677
7	140	0	35.386564	46.83862	1754.0095	0.27251647	112.70478	6.9998236	-37.956677	-66.36449	-0.41161802
8	140	0	35.437754	46.789599	1732.9029	0.27166961	112.80076	7.9997384	-37.985083	-66.956997	-0.41622908
9	140	0	35.489851	46.739626	1711.4541	0.27077969	112.90937	8.9998348	-38.014076	-67.470043	-0.4215392
10	140	0	35.542715	46.688831	1689.7297	0.26984532	113.03057	9.9998227	-38.043585	-67.914614	-0.42758114
11	140	0	35.596191	46.637359	1667.8033	0.26886558	113.16429	10.999939	-38.073526	-68.300154	-0.4343891
12	140	0	35.650097	46.585382	1645.7588	0.26784019	113.31048	11.999881	-38.1038	-68.634143	-0.44199877
13	140	0	35.704258	46.533066	1623.676	0.26676904	113.46909	12.999844	-38.134311	-68.922775	-0.45044936
14	140	0	35.758503	46.480576	1601.6331	0.26565232	113.64004	13.999866	-38.164965	-69.17153	-0.45978332
15	140	0	35.812666	46.428073	1579.7058	0.26449047	113.8233	14.999781	-38.195666	-69.385092	-0.47004653
16	140	0	35.8666	46.375696	1557.9592	0.26328394	114.01879	15.999775	-38.226334	-69.567692	-0.48128869
17	140	0	35.920171	46.323581	1536.455	0.26203337	114.22647	16.999777	-38.256888	-69.722539	-0.49356536
18	140	0	35.973257	46.271846	1515.2474	0.2607395	114.44633	17.999742	-38.287258	-69.852913	-0.506939
19	140	0	36.025759	46.22059	1494.3803	0.25940298	114.67833	18.99994	-38.317385	-69.961641	-0.52147607
20	140	0	36.077576	46.169916	1473.8996	0.25802486	114.92247	19.999746	-38.347208	-70.051093	-0.53724854

0	150	0	30.402453	48.918928	3789.3024	0.27762664	112.39016	0.0006049603	-26.887348	-45.978944	-0.81651357
1	150	0	34.651697	46.285715	1874.3227	0.27692972	112.39661	0.99993846	-28.304373	-57.96054	-0.41078757
2	150	0	34.705406	46.250527	1854.461	0.27623819	112.41592	1.9999359	-28.324393	-60.797239	-0.41170318
3	150	0	34.758544	46.215662	1834.7898	0.2755417	112.44809	2.9998418	-28.344257	-62.470175	-0.41321214
4	150	0	34.811829	46.18065	1815.0518	0.2748293	112.49309	3.9998898	-28.364232	-63.687376	-0.41532593
5	150	0	34.865763	46.145157	1795.0698	0.27409205	112.5509	4.999717	-28.384508	-64.65893	-0.41806011
6	150	0	34.920669	46.10897	1774.7343	0.27332275	112.62147	5.9998428	-28.405209	-65.469184	-0.42143402
7	150	0	34.976668	46.072005	1754.0095	0.27251647	112.70478	6.9998236	-28.426384	-66.160096	-0.42547071
8	150	0	35.033769	46.034254	1732.9029	0.27166961	112.80076	7.9997384	-28.44804	-66.755385	-0.43019678
9	150	0	35.091891	45.995765	1711.4541	0.27077969	112.90937	8.9998348	-28.470151	-67.271204	-0.43564235
10	150	0	35.150881	45.956637	1689.7297	0.26984532	113.03057	9.9998227	-28.492661	-67.71856	-0.44184112
11	150	0	35.210564	45.916983	1667.8033	0.26886558	113.16429	10.999939	-28.515508	-68.106916	-0.44882833
12	150	0	35.270739	45.876934	1645.7588	0.26784019	113.31048	11.999881	-28.538617	-68.443762	-0.45664069
13	150	0	35.331211	45.836619	1623.676	0.26676904	113.46909	12.999844	-28.561914	-68.735304	-0.46531854
14	150	0	35.391789	45.796164	1601.6331	0.26565232	113.64004	13.999866	-28.585327	-68.987026	-0.47490553
15	150	0	35.452286	45.755693	1579.7058	0.26449047	113.8233	14.999781	-28.608784	-69.203618	-0.48544881
16	150	0	35.512541	45.715314	1557.9592	0.26328394	114.01879	15.999775	-28.632221	-69.389312	-0.49699946
17	150	0	35.572401	45.675131	1536.455	0.26203337	114.22647	16.999777	-28.65558	-69.547322	-0.50961458
18	150	0	35.631731	45.635236	1515.2474	0.2607395	114.44633	17.999742	-28.678805	-69.680926	-0.52335835
19	150	0	35.690421	45.595704	1494.3803	0.25940298	114.67833	18.99994	-28.701852	-69.792954	-0.53829903
20	150	0	35.748354	45.556616	1473.8996	0.25802486	114.92247	19.999746	-28.724672	-69.885773	-0.55451052

0	160	0	29.776822	47.164331	3789.3024	0.27762664	112.39016	0.00060497061	-17.902476	-45.691034	-0.84094972
1	160	0	34.32654	45.381772	1874.3227	0.27692972	112.39661	0.99993846	-18.849252	-57.752717	-0.42182213
2	160	0	34.384274	45.357889	1854.461	0.27623819	112.41592	1.9999359	-18.86273	-60.59271	-0.42273988
3	160	0	34.441401	45.334222	1834.7898	0.2755417	112.44809	2.9998418	-18.876105	-62.268905	-0.42426543
4	160	0	34.498691	45.310453	1815.0518	0.2748293	112.49309	3.9998898	-18.889558	-63.489273	-0.42641021
5	160	0	34.556686	45.286357	1795.0698	0.27409205	112.5509	4.999717	-18.903216	-64.463883	-0.4291899
6	160	0	34.615732	45.261787	1774.7343	0.27332275	112.62147	5.9998428	-18.917163	-65.277099	-0.43262415
7	160	0	34.675961	45.236686	1754.0095	0.27251647	112.70478	6.9998236	-18.931433	-65.970904	-0.43673644
8	160	0	34.737382	45.21105	1732.9029	0.27166961	112.80076	7.9997384	-18.94603	-66.569046	-0.44155395
9	160	0	34.799909	45.18491	1711.4541	0.27077969	112.90937	8.9998348	-18.960936	-67.087704	-0.44710746
10	160	0	34.863376	45.158333	1689.7297	0.26984532	113.03057	9.9998227	-18.976116	-67.537907	-0.45343148
11	160	0	34.927599	45.131397	1667.8033	0.26886558	113.16429	10.999939	-18.991526	-67.929134	-0.46056205
12	160	0	34.992358	45.10419	1645.7588	0.26784019	113.31048	11.999881	-19.007115	-68.268886	-0.46853669
13	160	0	35.057445	45.076799	1623.676	0.26676904	113.46909	12.999844	-19.022836	-68.563376	-0.47739667
14	160	0	35.122654	45.049311	1601.6331	0.26565232	113.64004	13.999866	-19.038638	-68.818095	-0.48718659
15	160	0	35.187784	45.021809	1579.7058	0.26449047	113.8233	14.999781	-19.054473	-69.037735	-0.49795465
16	160	0	35.252663	44.994367	1557.9592	0.26328394	114.01879	15.999775	-19.070299	-69.22653	-0.50975302
17	160	0	35.317124	44.967055	1536.455	0.26203337	114.22647	16.999777	-19.086076	-69.387694	-0.52264002
18	160	0	35.381022	44.939937	1515.2474	0.2607395	114.44633	17.999742	-19.101765	-69.524508	-0.53668124
19	160	0	35.444239	44.913063	1494.3803	0.25940298	114.67833	18.99994	-19.117338	-69.6398	-0.55194638
20	160	0	35.506649	44.886487	1473.8996	0.25802486	114.92247	19.999746	-19.132761	-69.735936	-0.5685109

0	170	0	29.395601	45.327725	3789.3024	0.27762664	112.39016	0.00060496918	-8.9447202	-45.475153	-0.8568438
1	170	0	34.12803	44.42834	1874.3227	0.27692972	112.39661	0.99993846	-9.4185581	-57.603735	-0.42899497
2	170	0	34.188215	44.41627	1854.461	0.27623819	112.41592	1.9999359	-9.4253347	-60.446252	-0.42991348
3	170	0	34.24777	44.40431	1834.7898	0.2755417	112.44809	2.9998418	-9.4320605	-62.124938	-0.43144919
4	170	0	34.3075	44.392298	1815.0518	0.2748293	112.49309	3.9998898	-9.4388259	-63.347724	-0.43361349
5	170	0	34.367968	44.380119	1795.0698	0.27409205	112.5509	4.999717	-9.4456956	-64.324669	-0.43642214
6	170	0	34.429536	44.367701	1774.7343	0.27332275	112.62147	5.9998428	-9.4527114	-65.140144	-0.43989496
7	170	0	34.492341	44.355013	1754.0095	0.27251647	112.70478	6.9998236	-9.4598905	-65.836155	-0.44405571
8	170	0	34.556394	44.342054	1732.9029	0.27166961	112.80076	7.9997384	-9.4672351	-66.436469	-0.44893195
9	170	0	34.621604	44.32884	1711.4541	0.27077969	112.90937	8.9998348	-9.4747366	-66.957288	-0.45455489
10	170	0	34.687799	44.315405	1689.7297	0.26984532	113.03057	9.9998227	-9.4823763	-67.409655	-0.46095954
11	170	0	34.754787	44.301786	1667.8033	0.26886558	113.16429	10.999939	-9.4901331	-67.803059	-0.46818245
12	170	0	34.822339	44.288031	1645.7588	0.26784019	113.31048	11.999881	-9.4979815	-68.145011	-0.47626171
13	170	0	34.890238	44.274181	1623.676	0.26676904	113.46909	12.999844	-9.5058968	-68.441729	-0.48523913
14	170	0	34.958269	44.260281	1601.6331	0.26565232	113.64004	13.999866	-9.5138543	-68.698707	-0.49515997
15	170	0	35.026223	44.246374	1579.7058	0.26449047	113.8233	14.999781	-9.5218298	-68.920638	-0.50607308
16	170	0	35.093919	44.232496	1557.9592	0.26328394	114.01879	15.999775	-9.5298017	-69.111757	-0.51803134
17	170	0	35.161185	44.218683	1536.455	0.26203337	114.22647	16.999777	-9.5377496	-69.275281	-0.53109388
18	170	0	35.227868	44.204967	1515.2474	0.2607395	114.44633	17.999742	-9.545655	-69.414489	-0.54532717
19	170	0	35.293844	44.191374	1494.3803	0.25940298	114.67833	18.99994	-9.5535023	-69.532208	-0.56080186
20	170	0	35.358983	44.177931	1473.8996	0.25802486	114.92247	19.999746	-9.5612755	-69.630803	-0.57759442

0	180	0	29.26755	43.45	3789.3024	0.27762664	112.39016	0.0006049686	-1.4210855e-14	-45.394538	-0.86234722
1	180	0	34.061288	43.45	1874.3227	0.27692972	112.39661	0.99993846	-1.4210855e-14	-57.549418	-0.43147881
2	180	0	34.122295	43.45	1854.461	0.27623819	112.41592	1.9999359	-1.4210855e-14	-60.392888	-0.43239749
3	180	0	34.182666	43.45	1834.7898	0.2755417	112.44809	2.9998418	-1.4210855e-14	-62.072514	-0.43393663
4	180	0	34.243215	43.45	1815.0518	0.2748293	112.49309	3.9998898	-1.4210855e-14	-63.296211	-0.4361076
5	180	0	34.304514	43.45	1795.0698	0.27409205	112.5509	4.999717	-1.4210855e-14	-64.274034	-0.43892619
6	180	0	34.366929	43.45	1774.7343	0.27332275	112.62147	5.9998428	-1.4210855e-14	-65.09036	-0.44241227
7	180	0	34.4306	43.45	1754.0095	0.27251647	112.70478	6.9998236	-1.4210855e-14	-65.7872	-0.44658971
8	180	0	34.495535	43.45	1732.9029	0.27166961	112.80076	7.9997384	-1.4210855e-14	-66.388331	-0.45148618
9	180	0	34.561647	43.45	1711.4541	0.27077969	112.90937	8.9998348	-1.4210855e-14	-66.909962	-0.45713306
10	180	0	34.628759	43.45	1689.7297	0.26984532	113.03057	9.9998227	-1.4210855e-14	-67.363141	-0.46356551
11	180	0	34.696675	43.45	1667.8033	0.26886558	113.16429	10.999939	-1.4210855e-14	-67.757362	-0.47082029
12	180	0	34.765165	43.45	1645.7588	0.26784019	113.31048	11.999881	-1.4210855e-14	-68.100139	-0.47893564
13	180	0	34.834009	43.45	1623.676	0.26676904	113.46909	12.999844	-1.4210855e-14	-68.39769	-0.4879536
14	180	0	34.902988	43.45	1601.6331	0.26565232	113.64004	13.999866	-1.4210855e-14	-68.655512	-0.49791963
15	180	0	34.97189	43.45	1579.7058	0.26449047	113.8233	14.999781	-1.4210855e-14	-68.878298	-0.50888282
16	180	0	35.040533	43.45	1557.9592	0.26328394	114.01879	15.999775	-1.4210855e-14	-69.070285	-0.52089628
17	180	0	35.108741	43.45	1536.455	0.26203337	114.22647	16.999777	-1.4210855e-14	-69.234687	-0.53401943
18	180	0	35.176359	43.45	1515.2474	0.2607395	114.44633	17.999742	-1.4210855e-14	-69.374784	-0.54831905
19	180	0	35.243262	43.45	1494.3803	0.25940298	114.67833	18.99994	-1.4210855e-14	-69.493405	-0.56386611
20	180	0	35.309318	43.45	1473.8996	0.25802486	114.92247	19.999746	-1.4210855e-14	-69.592911	-0.58073742

0	190	0	29.395601	41.572275	3789.3024	0.27762664	112.39016	0.00060496918	8.9447202	-45.475153	-0.8568438
1	190	0	34.12803	42.47166	1874.3227	0.27692972	112.39661	0.99993846	9.4185581	-57.603735	-0.42899497
2	190	0	34.188215	42.48373	1854.461	0.27623819	112.41592	1.9999359	9.4253347	-60.446252	-0.42991348
3	190	0	34.24777	42.49569	1834.7898	0.2755417	112.44809	2.9998418	9.4320605	-62.124938	-0.43144919
4	190	0	34.3075	42.507702	1815.0518	0.2748293	112.49309	3.9998898	9.4388259	-63.347724	-0.43361349
5	190	0	34.367968	42.519881	1795.0698	0.27409205	112.5509	4.999717	9.4456956	-64.324669	-0.43642214
6	190	0	34.429536	42.532299	1774.7343	0.27332275	112.62147	5.9998428	9.4527114	-65.140144	-0.43989496
7	190	0	34.492341	42.544987	1754.0095	0.27251647	112.70478	6.9998236	9.4598905	-65.836155	-0.44405571
8	190	0	34.556394	42.557946	1732.9029	0.27166961	112.80076	7.9997384	9.4672351	-66.436469	-0.44893195
9	190	0	34.621604	42.57116	1711.4541	0.27077969	112.90937	8.9998348	9.4747366	-66.957288	-0.45455489
10	190	0	34.687799	42.584595	1689.7297	0.26984532	113.03057	9.9998227	9.4823763	-67.409655	-0.46095954
11	190	0	34.754787	42.598214	1667.8033	0.26886558	113.16429	10.999939	9.4901331	-67.803059	-0.46818245
12	190	0	34.822339	42.611969	1645.7588	0.26784019	113.31048	11.999881	9.4979815	-68.145011	-0.47626171
13	190	0	34.890238	42.625819	1623.676	0.26676904	113.46909	12.999844	9.5058968	-68.441729	-0.48523913
14	190	0	34.958269	42.639719	1601.6331	0.26565232	113.64004	13.999866	9.5138543	-68.698707	-0.49515997
15	190	0	35.026223	42.653626	1579.7058	0.26449047	113.8233	14.999781	9.5218298	-68.920638	-0.50607308
16	190	0	35.093919	42.667504	1557.9592	0.26328394	114.01879	15.999775	9.5298017	-69.111757	-0.51803134
17	190	0	35.161185	42.681317	1536.455	0.26203337	114.22647	16.999777	9.5377496	-69.275281	-0.53109388
18	190	0	35.227868	42.695033	1515.2474	0.2607395	114.44633	17.999742	9.545655	-69.414489	-0.54532717
19	190	0	35.293844	42.708626	1494.3803	0.25940298	114.67833	18.99994	9.5535023	-69.532208	-0.56080186
20	190	0	35.358983	42.722069	1473.8996	0.25802486	114.92247	19.999746	9.5612755	-69.630803	-0.57759442

0	200	0	29.776822	39.735669	3789.3024	0.27762664	112.39016	0.00060497061	17.902476	-45.691034	-0.84094972
1	200	0	34.32654	41.518228	1874.3227	0.27692972	112.39661	0.99993846	18.849252	-57.752717	-0.42182213
2	200	0	34.384274	41.542111	1854.461	0.27623819	112.41592	1.9999359	18.86273	-60.59271	-0.42273988
3	200	0	34.441401	41.565778	1834.7898	0.2755417	112.44809	2.9998418	18.876105	-62.268905	-0.42426543
4	200	0	34.498691	41.589547	1815.0518	0.2748293	112.49309	3.9998898	18.889558	-63.489273	-0.42641021
5	200	0	34.556686	41.613643	1795.0698	0.27409205	112.5509	4.999717	18.903216	-64.463883	-0.4291899
6	200	0	34.615732	41.638213	1774.7343	0.27332275	112.62147	5.9998428	18.917163	-65.277099	-0.43262415
7	200	0	34.675961	41.663314	1754.0095	0.27251647	112.70478	6.9998236	18.931433	-65.970904	-0.43673644
8	200	0	34.737382	41.68895	1732.9029	0.27166961	112.80076	7.9997384	18.94603	-66.569046	-0.44155395
9	200	0	34.799909	41.71509	1711.4541	0.27077969	112.90937	8.9998348	18.960936	-67.087704	-0.44710746
10	200	0	34.863376	41.741667	1689.7297	0.26984532	113.03057	9.9998227	18.976116	-67.537907	-0.45343148
11	200	0	34.927599	41.768603	1667.8033	0.26886558	113.16429	10.999939	18.991526	-67.929134	-0.46056205
12	200	0	34.992358	41.79581	1645.7588	0.26784019	113.31048	11.999881	19.007115	-68.268886	-0.46853669
13	200	0	35.057445	41.823201	1623.676	0.26676904	113.46909	12.999844	19.022836	-68.563376	-0.47739667
14	200	0	35.122654	41.850689	1601.6331	0.26565232	113.64004	13.999866	19.038638	-68.818095	-0.48718659
15	200	0	35.187784	41.878191	1579.7058	0.26449047	113.8233	14.999781	19.054473	-69.037735	-0.49795465
16	200	0	35.252663	41.905633	1557.9592	0.26328394	114.01879	15.999775	19.070299	-69.22653	-0.50975302
17	200	0	35.317124	41.932945	1536.455	0.26203337	114.22647	16.999777	19.086076	-69.387694	-0.52264002
18	200	0	35.381022	41.960063	1515.2474	0.2607395	114.44633	17.999742	19.101765	-69.524508	-0.53668124
19	200	0	35.444239	41.986937	1494.3803	0.25940298	114.67833	18.99994	19.117338	-69.6398	-0.55194638
20	200	0	35.506649	42.013513	1473.8996	0.25802486	114.92247	19.999746	19.132761	-69.735936	-0.5685109

0	210	0	30.402453	37.981072	3789.3024	0.27762664	112.39016	0.0006049603	26.887348	-45.978944	-0.81651357
1	210	0	34.651697	40.614285	1874.3227	0.27692972	112.39661	0.99993846	28.304373	-57.96054	-0.41078757
2	210	0	34.705406	40.649473	1854.461	0.27623819	112.41592	1.9999359	28.324393	-60.797239	-0.41170318
3	210	0	34.758544	40.684338	1834.7898	0.2755417	112.44809	2.9998418	28.344257	-62.470175	-0.41321214
4	210	0	34.811829	40.71935	1815.0518	0.2748293	112.49309	3.9998898	28.364232	-63.687376	-0.41532593
5	210	0	34.865763	40.754843	1795.0698	0.27409205	112.5509	4.999717	28.384508	-64.65893	-0.41806011
6	210	0	34.920669	40.79103	1774.7343	0.27332275	112.62147	5.9998428	28.405209	-65.469184	-0.42143402
7	210	0	34.976668	40.827995	1754.0095	0.27251647	112.70478	6.9998236	28.426384	-66.160096	-0.42547071
8	210	0	35.033769	40.865746	1732.9029	0.27166961	112.80076	7.9997384	28.44804	-66.755385	-0.43019678
9	210	0	35.091891	40.904235	1711.4541	0.27077969	112.90937	8.9998348	28.470151	-67.271204	-0.43564235
10	210	0	35.150881	40.943363	1689.7297	0.26984532	113.03057	9.9998227	28.492661	-67.71856	-0.44184112
11	210	0	35.210564	40.983017	1667.8033	0.26886558	113.16429	10.999939	28.515508	-68.106916	-0.44882833
12	210	0	35.270739	41.023066	1645.7588	0.26784019	113.31048	11.999881	28.538617	-68.443762	-0.45664069
13	210	0	35.331211	41.063381	1623.676	0.26676904	113.46909	12.999844	28.561914	-68.735304	-0.46531854
14	210	0	35.391789	41.103836	1601.6331	0.26565232	113.64004	13.999866	28.585327	-68.987026	-0.47490553
15	210	0	35.452286	41.144307	1579.7058	0.26449047	113.8233	14.999781	28.608784	-69.203618	-0.48544881
16	210	0	35.512541	41.184686	1557.9592	0.26328394	114.01879	15.999775	28.632221	-69.389312	-0.49699946
17	210	0	35.572401	41.224869	1536.455	0.26203337	114.22647	16.999777	28.65558	-69.547322	-0.50961458
18	210	0	35.631731	41.264764	1515.2474	0.2607395	114.44633	17.999742	28.678805	-69.680926	-0.52335835
19	210	0	35.690421	41.304296	1494.3803	0.25940298	114.67833	18.99994	28.701852	-69.792954	-0.53829903
20	210	0	35.748354	41.343384	1473.8996	0.25802486	114.92247	19.999746	28.724672	-69.885773	-0.55451052

0	220	0	31.258041	36.348941	3789.3024	0.27762664	112.39016	0.00060496568	35.915433	-46.267982	-0.7865968
1	220	0	35.095052	39.783758	1874.3227	0.27692972	112.39661	0.99993846	37.796484	-58.183082	-0.39723332
2	220	0	35.143252	39.829482	1854.461	0.27623819	112.41592	1.9999359	37.822788	-61.016582	-0.39814393
3	220	0	35.190931	39.874781	1834.7898	0.2755417	112.44809	2.9998418	37.848879	-62.686344	-0.39963018
4	220	0	35.238734	39.920268	1815.0518	0.2748293	112.49309	3.9998898	37.875109	-63.900458	-0.40170357
5	220	0	35.287111	39.966373	1795.0698	0.27409205	112.5509	4.999717	37.901727	-64.869031	-0.40437945
6	220	0	35.336351	40.013374	1774.7343	0.27332275	112.62147	5.9998428	37.928894	-65.676397	-0.40767677
7	220	0	35.386564	40.06138	1754.0095	0.27251647	112.70478	6.9998236	37.956677	-66.36449	-0.41161802
8	220	0	35.437754	40.110401	1732.9029	0.27166961	112.80076	7.9997384	37.985083	-66.956997	-0.41622908
9	220	0	35.489851	40.160374	1711.4541	0.27077969	112.90937	8.9998348	38.014076	-67.470043	-0.4215392
10	220	0	35.542715	40.211169	1689.7297	0.26984532	113.03057	9.9998227	38.043585	-67.914614	-0.42758114
11	220	0	35.596191	40.262641	1667.8033	0.26886558	113.16429	10.999939	38.073526	-68.300154	-0.4343891
12	220	0	35.650097	40.314618	1645.7588	0.26784019	113.31048	11.999881	38.1038	-68.634143	-0.44199877
13	220	0	35.704258	40.366934	1623.676	0.26676904	113.46909	12.999844	38.134311	-68.922775	-0.45044936
14	220	0	35.758503	40.419424	1601.6331	0.26565232	113.64004	13.999866	38.164965	-69.17153	-0.45978332
15	220	0	35.812666	40.471927	1579.7058	0.26449047	113.8233	14.999781	38.195666	-69.385092	-0.47004653
16	220	0	35.8666	40.524304	1557.9592	0.26328394	114.01879	15.999775	38.226334	-69.567692	-0.48128869
17	220	0	35.920171	40.576419	1536.455	0.26203337	114.22647	16.999777	38.256888	-69.722539	-0.49356536
18	220	0	35.973257	40.628154	1515.2474	0.2607395	114.44633	17.999742	38.287258	-69.852913	-0.506939
19	220	0	36.025759	40.67941	1494.3803	0.25940298	114.67833	18.99994	38.317385	-69.961641	-0.52147607
20	220	0	36.077576	40.730084	1473.8996	0.25802486	114.92247	19.999746	38.347208	-70.051093	-0.53724854

0	230	0	32.323629	34.879138	3789.3024	0.27762664	112.39016	0.00060495531	45.005659	-46.501283	-0.75536519
1	230	0	35.644965	39.049548	1874.3227	0.27692972	112.39661	0.99993846	47.338462	-58.380349	-0.38293373
2	230	0	35.686295	39.104783	1854.461	0.27623819	112.41592	1.9999359	47.370668	-61.211387	-0.38383427
3	230	0	35.727169	39.159498	1834.7898	0.2755417	112.44809	2.9998418	47.402601	-62.878699	-0.38529183
4	230	0	35.768139	39.214431	1815.0518	0.2748293	112.49309	3.9998898	47.434694	-64.090429	-0.38731781
5	230	0	35.80959	39.270101	1795.0698	0.27409205	112.5509	4.999717	47.46725	-65.056703	-0.3899273
6	230	0	35.85177	39.326845	1774.7343	0.27332275	112.62147	5.9998428	47.500467	-65.861848	-0.39313878
7	230	0	35.894771	39.384793	1754.0095	0.27251647	112.70478	6.9998236	47.534424	-66.547774	-0.39697407
8	230	0	35.938598	39.443958	1732.9029	0.27166961	112.80076	7.9997384	47.569131	-67.138145	-0.40145828
9	230	0	35.983188	39.50426	1711.4541	0.27077969	112.90937	8.9998348	47.604542	-67.64906	-0.40661972
10	230	0	36.028422	39.565545	1689.7297	0.26984532	113.03057	9.9998227	47.64057	-68.091485	-0.41249008
11	230	0	36.074167	39.627636	1667.8033	0.26886558	113.16429	10.999939	47.677111	-68.47485	-0.41910249
12	230	0	36.120266	39.690325	1645.7588	0.26784019	113.31048	11.999881	47.714045	-68.806621	-0.42649153
13	230	0	36.166569	39.753412	1623.676	0.26676904	113.46909	12.999844	47.751254	-69.092984	-0.4346952
14	230	0	36.212931	39.816698	1601.6331	0.26565232	113.64004	13.999866	47.788622	-69.339411	-0.44375464
15	230	0	36.259208	39.879988	1579.7058	0.26449047	113.8233	14.999781	47.826033	-69.550583	-0.45371437
16	230	0	36.305276	39.943114	1557.9592	0.26328394	114.01879	15.999775	47.863389	-69.730724	-0.4646226
17	230	0	36.351021	40.005914	1536.455	0.26203337	114.22647	16.999777	47.900592	-69.883043	-0.47653324
18	230	0	36.396337	40.068245	1515.2474	0.2607395	114.44633	17.999742	47.937557	-70.010815	-0.48950691
19	230	0	36.441142	40.129987	1494.3803	0.25940298	114.67833	18.99994	47.974213	-70.116868	-0.50360811
20	230	0	36.485349	40.191018	1473.8996	0.25802486	114.92247	19.999746	48.010484	-70.20357	-0.51890672

0	240	0	33.573991	33.610795	3789.3024	0.27762664	112.39016	0.00060496549	54.180371	-46.643121	-0.72775206
1	240	0	36.286789	38.433137	1874.3227	0.27692972	112.39661	0.99993846	56.943422	-58.523223	-0.36992477
2	240	0	36.32005	38.496599	1854.461	0.27623819	112.41592	1.9999359	56.980995	-61.352889	-0.37080766
3	240	0	36.35293	38.559452	1834.7898	0.2755417	112.44809	2.9998418	57.018237	-63.018826	-0.37223068
4	240	0	36.385875	38.622543	1815.0518	0.2748293	112.49309	3.9998898	57.055649	-64.22922	-0.37420501
5	240	0	36.419194	38.686471	1795.0698	0.27409205	112.5509	4.999717	57.093587	-65.194215	-0.37674536
6	240	0	36.453084	38.751618	1774.7343	0.27332275	112.62147	5.9998428	57.13228	-65.998134	-0.37986967
7	240	0	36.48762	38.818135	1754.0095	0.27251647	112.70478	6.9998236	57.171818	-66.682874	-0.38359913
8	240	0	36.522804	38.886035	1732.9029	0.27166961	112.80076	7.9997384	57.212212	-67.27208	-0.38795804
9	240	0	36.558585	38.955227	1711.4541	0.27077969	112.90937	8.9998348	57.253408	-67.781834	-0.39297382
10	240	0	36.594867	39.025532	1689.7297	0.26984532	113.03057	9.9998227	57.295303	-68.223086	-0.39867718
11	240	0	36.631541	39.096747	1667.8033	0.26886558	113.16429	10.999939	57.337776	-68.605254	-0.4051002
12	240	0	36.668483	39.168632	1645.7588	0.26784019	113.31048	11.999881	57.380686	-68.935792	-0.41227642
13	240	0	36.705571	39.240959	1623.676	0.26676904	113.46909	12.999844	57.423897	-69.220879	-0.4202427
14	240	0	36.742689	39.313497	1601.6331	0.26565232	113.64004	13.999866	57.467272	-69.46598	-0.42903897
15	240	0	36.779722	39.386025	1579.7058	0.26449047	113.8233	14.999781	57.510679	-69.675771	-0.43870843
16	240	0	36.81657	39.458348	1557.9592	0.26328394	114.01879	15.999775	57.554	-69.854472	-0.44929791
17	240	0	36.853143	39.530283	1536.455	0.26203337	114.22647	16.999777	57.597126	-70.005287	-0.46085978
18	240	0	36.889356	39.601664	1515.2474	0.2607395	114.44633	17.999742	57.639956	-70.131488	-0.47345288
19	240	0	36.925144	39.672357	1494.3803	0.25940298	114.67833	18.99994	57.682409	-70.235901	-0.48713989
20	240	0	36.960438	39.74222	1473.8996	0.25802486	114.92247	19.999746	57.724397	-70.320892	-0.50198872

0	250	0	34.978869	32.582138	3789.3024	0.27762664	112.39016	0.0006049648	63.465603	-46.677217	-0.70870888
1	250	0	37.003112	37.954116	1874.3227	0.27692972	112.39661	0.99993846	66.624496	-58.595176	-0.36020658
2	250	0	37.027297	38.024261	1854.461	0.27623819	112.41592	1.9999359	66.666725	-61.424672	-0.36106254
3	250	0	37.051188	38.093718	1834.7898	0.2755417	112.44809	2.9998418	66.708564	-63.090424	-0.36244608
4	250	0	37.075109	38.163424	1815.0518	0.2748293	112.49309	3.9998898	66.750575	-64.300645	-0.36436798
5	250	0	37.099285	38.234038	1795.0698	0.27409205	112.5509	4.999717	66.793157	-65.265493	-0.36684245
6	250	0	37.123858	38.305984	1774.7343	0.27332275	112.62147	5.9998428	66.836567	-66.069293	-0.36988691
7	250	0	37.148881	38.379425	1754.0095	0.27251647	112.70478	6.9998236	66.880905	-66.753937	-0.37352192
8	250	0	37.174354	38.454376	1732.9029	0.27166961	112.80076	7.9997384	66.92618	-67.34306	-0.37777113
9	250	0	37.200239	38.530736	1711.4541	0.27077969	112.90937	8.9998348	66.972333	-67.852733	-0.38266122
10	250	0	37.226467	38.608305	1689.7297	0.26984532	113.03057	9.9998227	67.019246	-68.293898	-0.38822207
11	250	0	37.252957	38.686858	1667.8033	0.26886558	113.16429	10.999939	67.066783	-68.675963	-0.39448497
12	250	0	37.279618	38.766131	1645.7588	0.26784019	113.31048	11.999881	67.114784	-69.006377	-0.40148261
13	250	0	37.306364	38.84587	1623.676	0.26676904	113.46909	12.999844	67.163097	-69.291309	-0.40925093
14	250	0	37.333108	38.925822	1601.6331	0.26565232	113.64004	13.999866	67.211569	-69.53622	-0.41782891
15	250	0	37.359769	39.005743	1579.7058	0.26449047	113.8233	14.999781	67.260052	-69.74578	-0.4272587
16	250	0	37.386276	39.085418	1557.9592	0.26328394	114.01879	15.999775	67.308415	-69.924205	-0.43758602
17	250	0	37.412562	39.164644	1536.455	0.26203337	114.22647	16.999777	67.356534	-70.074693	-0.44886198
18	250	0	37.438569	39.243241	1515.2474	0.2607395	114.44633	17.999742	67.4043	-70.200515	-0.46114403
19	250	0	37.46425	39.32106	1494.3803	0.25940298	114.67833	18.99994	67.451621	-70.304492	-0.47449335
20	250	0	37.489555	39.397947	1473.8996	0.25802486	114.92247	19.999746	67.498402	-70.388989	-0.48897628

0	260	0	36.50322	31.830176	3789.3024	0.27762664	112.39016	0.00060495512	72.890933	-46.603095	-0.70199385
1	260	0	37.774066	37.629633	1874.3227	0.27692972	112.39661	0.99993846	76.394447	-58.591435	-0.35533071
2	260	0	37.788393	37.704665	1854.461	0.27623819	112.41592	1.9999359	76.440415	-61.421913	-0.35615143
3	260	0	37.802524	37.778941	1834.7898	0.2755417	112.44809	2.9998418	76.485935	-63.08862	-0.35749351
4	260	0	37.81665	37.853465	1815.0518	0.2748293	112.49309	3.9998898	76.531621	-64.299782	-0.35936715
5	260	0	37.830903	37.928942	1795.0698	0.27409205	112.5509	4.999717	76.577906	-65.265567	-0.36178602
6	260	0	37.845366	38.005822	1774.7343	0.27332275	112.62147	5.9998428	76.625066	-66.070306	-0.36476704
7	260	0	37.860068	38.084281	1754.0095	0.27251647	112.70478	6.9998236	76.673211	-66.755893	-0.36833028
8	260	0	37.875009	38.16433	1732.9029	0.27166961	112.80076	7.9997384	76.722349	-67.345963	-0.37249892
9	260	0	37.890165	38.245862	1711.4541	0.27077969	112.90937	8.9998348	76.772413	-67.856586	-0.37729918
10	260	0	37.905492	38.328662	1689.7297	0.26984532	113.03057	9.9998227	76.823273	-68.298701	-0.38276046
11	260	0	37.920944	38.412489	1667.8033	0.26886558	113.16429	10.999939	76.874783	-68.68171	-0.38891353
12	260	0	37.936467	38.497061	1645.7588	0.26784019	113.31048	11.999881	76.926767	-69.013059	-0.3957906
13	260	0	37.952009	38.582105	1623.676	0.26676904	113.46909	12.999844	76.97906	-69.298912	-0.40342707
14	260	0	37.967519	38.667352	1601.6331	0.26565232	113.64004	13.999866	77.031496	-69.544725	-0.41186132
15	260	0	37.982951	38.752541	1579.7058	0.26449047	113.8233	14.999781	77.083915	-69.755163	-0.4211349
16	260	0	37.998264	38.837443	1557.9592	0.26328394	114.01879	15.999775	77.136175	-69.934438	-0.43129285
17	260	0	38.013419	38.921843	1536.455	0.26203337	114.22647	16.999777	77.188144	-70.085745	-0.44238551
18	260	0	38.028384	39.005548	1515.2474	0.2607395	114.44633	17.999742	77.239702	-70.212351	-0.45446947
19	260	0	38.043132	39.088402	1494.3803	0.25940298	114.67833	18.99994	77.290752	-70.317073	-0.46760503
20	260	0	38.057636	39.170239	1473.8996	0.25802486	114.92247	19.999746	77.341193	-70.402272	-0.48185752

0	270	0	38.107459	31.390074	3789.3024	0.27762664	112.39016	0.00060496427	82.488788	-46.433607	-0.70889588
1	270	0	38.577693	37.473748	1874.3227	0.27692972	112.39661	0.99993846	86.265082	-58.517438	-0.35599539
2	270	0	38.581641	37.551625	1854.461	0.27623819	112.41592	1.9999359	86.313647	-61.349874	-0.35677753
3	270	0	38.585498	37.628698	1834.7898	0.2755417	112.44809	2.9998418	86.361713	-63.018504	-0.35808203
4	270	0	38.589315	37.706006	1815.0518	0.2748293	112.49309	3.9998898	86.409931	-64.231551	-0.35991841
5	270	0	38.593127	37.78428	1795.0698	0.27409205	112.5509	4.999717	86.458755	-65.199187	-0.36229981
6	270	0	38.596955	37.863987	1774.7343	0.27332275	112.62147	5.9998428	86.508478	-66.005752	-0.36524276
7	270	0	38.600804	37.945307	1754.0095	0.27251647	112.70478	6.9998236	86.55921	-66.693151	-0.36876707
8	270	0	38.604672	38.028252	1732.9029	0.27166961	112.80076	7.9997384	86.610961	-67.285028	-0.37289572
9	270	0	38.60855	38.112707	1711.4541	0.27077969	112.90937	8.9998348	86.663659	-67.797458	-0.3776548
10	270	0	38.612425	38.19845	1689.7297	0.26984532	113.03057	9.9998227	86.717164	-68.241383	-0.3830736
11	270	0	38.616282	38.28523	1667.8033	0.26886558	113.16429	10.999939	86.771321	-68.626207	-0.38918282
12	270	0	38.620107	38.372752	1645.7588	0.26784019	113.31048	11.999881	86.825946	-68.959373	-0.39601456
13	270	0	38.623886	38.460736	1623.676	0.26676904	113.46909	12.999844	86.880864	-69.247043	-0.40360414
14	270	0	38.627606	38.548902	1601.6331	0.26565232	113.64004	13.999866	86.9359	-69.494671	-0.41198985
15	270	0	38.631256	38.636979	1579.7058	0.26449047	113.8233	14.999781	86.990885	-69.706917	-0.4212131
16	270	0	38.634827	38.724732	1557.9592	0.26328394	114.01879	15.999775	87.045672	-69.887991	-0.43131879
17	270	0	38.63831	38.811939	1536.455	0.26203337	114.22647	16.999777	87.100122	-70.041084	-0.44235713
18	270	0	38.641699	38.8984	1515.2474	0.2607395	114.44633	17.999742	87.15411	-70.169459	-0.45438451
19	270	0	38.644989	38.983954	1494.3803	0.25940298	114.67833	18.99994	87.207536	-70.275931	-0.46746102
20	270	0	38.648177	39.068433	1473.8996	0.25802486	114.92247	19.999746	87.260295	-70.362858	-0.48165178

0	280	0	39.747739	31.293996	3789.3024	0.27762664	112.39016	0.00060495054	92.293024	-46.19408	-0.72769365
1	280	0	39.390415	37.496667	1874.3227	0.27692972	112.39661	0.99993846	96.246488	-58.387215	-0.3618585
2	280	0	39.38375	37.575131	1854.461	0.27623819	112.41592	1.9999359	96.296278	-61.222298	-0.36260699
3	280	0	39.377104	37.65276	1834.7898	0.2755417	112.44809	2.9998418	96.345531	-62.893534	-0.36388557
4	280	0	39.370386	37.730604	1815.0518	0.2748293	112.49309	3.9998898	96.394914	-64.109127	-0.36570316
5	280	0	39.363532	37.809396	1795.0698	0.27409205	112.5509	4.999717	96.44489	-65.079248	-0.36807251
6	280	0	39.356498	37.889607	1774.7343	0.27332275	112.62147	5.9998428	96.49576	-65.88825	-0.37100994
7	280	0	39.349266	37.971416	1754.0095	0.27251647	112.70478	6.9998236	96.547634	-66.578054	-0.37453525
8	280	0	39.341832	38.054832	1732.9029	0.27166961	112.80076	7.9997384	96.60052	-67.172318	-0.37867153
9	280	0	39.334202	38.13974	1711.4541	0.27077969	112.90937	8.9998348	96.654342	-67.687133	-0.38344509
10	280	0	39.326393	38.225914	1689.7297	0.26984532	113.03057	9.9998227	96.708958	-68.133446	-0.38888553
11	280	0	39.318426	38.313101	1667.8033	0.26886558	113.16429	10.999939	96.764208	-68.520669	-0.39502385
12	280	0	39.310326	38.401005	1645.7588	0.26784019	113.31048	11.999881	96.819901	-68.856244	-0.4018925
13	280	0	39.302118	38.489342	1623.676	0.26676904	113.46909	12.999844	96.875859	-69.146337	-0.40952716
14	280	0	39.293826	38.577832	1601.6331	0.26565232	113.64004	13.999866	96.931905	-69.396398	-0.4179665
15	280	0	39.285477	38.666203	1579.7058	0.26449047	113.8233	14.999781	96.987865	-69.611089	-0.42725231
16	280	0	39.277093	38.754218	1557.9592	0.26328394	114.01879	15.999775	97.04359	-69.794613	-0.43742993
17	280	0	39.268696	38.841656	1536.455	0.26203337	114.22647	16.999777	97.098939	-69.950163	-0.44854999
18	280	0	39.260308	38.928317	1515.2474	0.2607395	114.44633	17.999742	97.153787	-70.080997	-0.46066943
19	280	0	39.251945	39.014042	1494.3803	0.25940298	114.67833	18.99994	97.208033	-70.189929	-0.47384883
20	280	0	39.243626	39.098661	1473.8996	0.25802486	114.92247	19.999746	97.261569	-70.279313	-0.48815386

0	290	0	41.376362	31.569172	3789.3024	0.27762664	112.39016	0.00060494927	102.33659	-45.921652	-0.75429151
1	290	0	40.187584	37.703895	1874.3227	0.27692972	112.39661	0.99993846	106.3461	-58.221409	-0.37169586
2	290	0	40.170389	37.780507	1854.461	0.27623819	112.41592	1.9999359	106.39553	-61.059429	-0.37242434
3	290	0	40.153323	37.856281	1834.7898	0.2755417	112.44809	2.9998418	106.4444	-62.733562	-0.3736958
4	290	0	40.136158	37.932241	1815.0518	0.2748293	112.49309	3.9998898	106.49337	-63.951978	-0.37551878
5	290	0	40.11873	38.009102	1795.0698	0.27409205	112.5509	4.999717	106.5429	-64.924839	-0.37790583
6	290	0	40.100932	38.087322	1774.7343	0.27332275	112.62147	5.9998428	106.5933	-65.736514	-0.38087334
7	290	0	40.082722	38.167074	1754.0095	0.27251647	112.70478	6.9998236	106.64466	-66.428941	-0.38444137
8	290	0	40.064093	38.248366	1732.9029	0.27166961	112.80076	7.9997384	106.69699	-67.025802	-0.38863341
9	290	0	40.045069	38.331084	1711.4541	0.27077969	112.90937	8.9998348	106.75022	-67.543205	-0.39347632
10	290	0	40.025698	38.415007	1689.7297	0.26984532	113.03057	9.9998227	106.80421	-67.99211	-0.39900031
11	290	0	40.006032	38.499887	1667.8033	0.26886558	113.16429	10.999939	106.85879	-68.381937	-0.40523709
12	290	0	39.986137	38.585434	1645.7588	0.26784019	113.31048	11.999881	106.91377	-68.720135	-0.41221976
13	290	0	39.966077	38.671373	1623.676	0.26676904	113.46909	12.999844	106.96898	-69.012873	-0.41998476
14	290	0	39.945913	38.757431	1601.6331	0.26565232	113.64004	13.999866	107.02425	-69.265604	-0.42857155
15	290	0	39.925708	38.843342	1579.7058	0.26449047	113.8233	14.999781	107.0794	-69.482987	-0.43802276
16	290	0	39.905517	38.928878	1557.9592	0.26328394	114.01879	15.999775	107.13428	-69.669227	-0.44838459
17	290	0	39.885391	39.013823	1536.455	0.26203337	114.22647	16.999777	107.18877	-69.827516	-0.45970869
18	290	0	39.865378	39.097985	1515.2474	0.2607395	114.44633	17.999742	107.24272	-69.961111	-0.47205307
19	290	0	39.845517	39.181207	1494.3803	0.25940298	114.67833	18.99994	107.29606	-70.072823	-0.4854795
20	290	0	39.825849	39.263329	1473.8996	0.25802486	114.92247	19.999746	107.34866	-70.165007	-0.50005484

0	300	0	42.942436	32.234953	3789.3024	0.27762664	112.39016	0.00060495617	112.64812	-45.661822	-0.78360231
1	300	0	40.944164	38.095339	1874.3227	0.27692972	112.39661	0.99993846	116.56765	-58.044289	-0.3838131
2	300	0	40.916855	38.167548	1854.461	0.27623819	112.41592	1.9999359	116.61496	-60.885067	-0.38454114
3	300	0	40.889787	38.238945	1834.7898	0.2755417	112.44809	2.9998418	116.66171	-62.561922	-0.385828
4	300	0	40.862596	38.310493	1815.0518	0.2748293	112.49309	3.9998898	116.70853	-63.782982	-0.38768213
5	300	0	40.835022	38.382868	1795.0698	0.27409205	112.5509	4.999717	116.75587	-64.758397	-0.39011621
6	300	0	40.8069	38.456499	1774.7343	0.27332275	112.62147	5.9998428	116.804	-65.572546	-0.39314696
7	300	0	40.778164	38.531547	1754.0095	0.27251647	112.70478	6.9998236	116.85304	-66.26739	-0.3967949
8	300	0	40.748807	38.608019	1732.9029	0.27166961	112.80076	7.9997384	116.90297	-66.866632	-0.40108421
9	300	0	40.718867	38.685806	1711.4541	0.27077969	112.90937	8.9998348	116.95373	-67.386402	-0.40604248
10	300	0	40.68842	38.764699	1689.7297	0.26984532	113.03057	9.9998227	117.00518	-67.837678	-0.41170081
11	300	0	40.657554	38.844464	1667.8033	0.26886558	113.16429	10.999939	117.05716	-68.229891	-0.41809182
12	300	0	40.626372	38.924828	1645.7588	0.26784019	113.31048	11.999881	117.10951	-68.570499	-0.42524953
13	300	0	40.594972	39.005531	1623.676	0.26676904	113.46909	12.999844	117.16204	-68.865678	-0.4332114
14	300	0	40.563454	39.086317	1601.6331	0.26565232	113.64004	13.999866	117.21459	-69.120884	-0.44201794
15	300	0	40.531915	39.166938	1579.7058	0.26449047	113.8233	14.999781	117.267	-69.340778	-0.45171294
16	300	0	40.50044	39.247178	1557.9592	0.26328394	114.01879	15.999775	117.31913	-69.529569	-0.46234381
17	300	0	40.469109	39.326836	1536.455	0.26203337	114.22647	16.999777	117.37084	-69.690449	-0.47396355
18	300	0	40.437995	39.405732	1515.2474	0.2607395	114.44633	17.999742	117.42204	-69.826675	-0.48663171
19	300	0	40.407157	39.483722	1494.3803	0.25940298	114.67833	18.99994	117.47261	-69.941059	-0.50041163
20	300	0	40.376658	39.560654	1473.8996	0.25802486	114.92247	19.999746	117.52246	-70.035955	-0.5153719

0	310	0	44.392975	33.29878	3789.3024	0.27762664	112.39016	0.00060496245	123.24734	-45.459104	-0.81093117
1	310	0	41.635519	38.664467	1874.3227	0.27692972	112.39661	0.99993846	126.9102	-57.879409	-0.39648814
2	310	0	41.598861	38.729698	1854.461	0.27623819	112.41592	1.9999359	126.95352	-60.722312	-0.3972365
3	310	0	41.56255	38.794175	1834.7898	0.2755417	112.44809	2.9998418	126.99632	-62.401273	-0.3985602
4	310	0	41.526096	38.85877	1815.0518	0.2748293	112.49309	3.9998898	127.03915	-63.624371	-0.40046794
5	310	0	41.489154	38.92409	1795.0698	0.27409205	112.5509	4.999717	127.08244	-64.601737	-0.40297284
6	310	0	41.451501	38.990523	1774.7343	0.27332275	112.62147	5.9998428	127.12644	-65.41776	-0.40609215
7	310	0	41.413051	39.058213	1754.0095	0.27251647	112.70478	6.9998236	127.17123	-66.114418	-0.40984708
8	310	0	41.373796	39.127166	1732.9029	0.27166961	112.80076	7.9997384	127.21682	-66.715439	-0.41426256
9	310	0	41.333788	39.197281	1711.4541	0.27077969	112.90937	8.9998348	127.26315	-67.236973	-0.4193671
10	310	0	41.293132	39.26837	1689.7297	0.26984532	113.03057	9.9998227	127.31008	-67.690017	-0.42519278
11	310	0	41.251943	39.34022	1667.8033	0.26886558	113.16429	10.999939	127.35748	-68.084016	-0.43177323
12	310	0	41.210362	39.412586	1645.7588	0.26784019	113.31048	11.999881	127.40517	-68.42644	-0.43914352
13	310	0	41.16852	39.485233	1623.676	0.26676904	113.46909	12.999844	127.45301	-68.723472	-0.44734221
14	310	0	41.12655	39.557929	1601.6331	0.26565232	113.64004	13.999866	127.50085	-68.980575	-0.45641103
15	310	0	41.084582	39.630452	1579.7058	0.26449047	113.8233	14.999781	127.54853	-69.202417	-0.46639506
16	310	0	41.042726	39.702609	1557.9592	0.26328394	114.01879	15.999775	127.59593	-69.393207	-0.47734308
17	310	0	41.001091	39.774218	1536.455	0.26203337	114.22647	16.999777	127.64293	-69.556143	-0.48930963
18	310	0	40.959772	39.845119	1515.2474	0.2607395	114.44633	17.999742	127.68943	-69.694483	-0.50235599
19	310	0	40.918848	39.915183	1494.3803	0.25940298	114.67833	18.99994	127.73534	-69.811043	-0.51654734
20	310	0	40.8784	39.984275	1473.8996	0.25802486	114.92247	19.999746	127.78057	-69.908175	-0.53195419

0	320	0	45.674629	34.751306	3789.3024	0.27762664	112.39016	0.00060496111	134.13974	-45.342161	-0.83295521
1	320	0	42.238325	39.397659	1874.3227	0.27692972	112.39661	0.99993846	137.3672	-57.744581	-0.40827902
2	320	0	42.193428	39.453431	1854.461	0.27623819	112.41592	1.9999359	137.40467	-60.588694	-0.40906455
3	320	0	42.148972	39.508543	1834.7898	0.2755417	112.44809	2.9998418	137.44167	-62.268868	-0.41044072
4	320	0	42.104359	39.563739	1815.0518	0.2748293	112.49309	3.9998898	137.4787	-63.493131	-0.41241681
5	320	0	42.059167	39.61954	1795.0698	0.27409205	112.5509	4.999717	137.51609	-64.471596	-0.41500653
6	320	0	42.013124	39.676276	1774.7343	0.27332275	112.62147	5.9998428	137.55408	-65.28865	-0.41822786
7	320	0	41.966126	39.734068	1754.0095	0.27251647	112.70478	6.9998236	137.59275	-65.98629	-0.42210274
8	320	0	41.918164	39.792921	1732.9029	0.27166961	112.80076	7.9997384	137.63208	-66.588261	-0.42665695
9	320	0	41.869304	39.852749	1711.4541	0.27077969	112.90937	8.9998348	137.67203	-67.110735	-0.43191987
10	320	0	41.819672	39.913388	1689.7297	0.26984532	113.03057	9.9998227	137.71249	-67.564725	-0.43792458
11	320	0	41.769413	39.974659	1667.8033	0.26886558	113.16429	10.999939	137.75332	-67.959692	-0.4447057
12	320	0	41.718696	40.03635	1645.7588	0.26784019	113.31048	11.999881	137.7944	-68.303118	-0.45229931
13	320	0	41.667684	40.098261	1623.676	0.26676904	113.46909	12.999844	137.83558	-68.601195	-0.4607451
14	320	0	41.616538	40.160196	1601.6331	0.26565232	113.64004	13.999866	137.87673	-68.859396	-0.47008597
15	320	0	41.565417	40.221964	1579.7058	0.26449047	113.8233	14.999781	137.91773	-69.082393	-0.48036827
16	320	0	41.514455	40.283402	1557.9592	0.26328394	114.01879	15.999775	137.95847	-69.274403	-0.49164216
17	320	0	41.463784	40.344355	1536.455	0.26203337	114.22647	16.999777	137.99885	-69.438627	-0.50396371
18	320	0	41.413519	40.404687	1515.2474	0.2607395	114.44633	17.999742	138.03878	-69.57833	-0.51739593
19	320	0	41.363754	40.46429	1494.3803	0.25940298	114.67833	18.99994	138.07819	-69.696328	-0.53200581
20	320	0	41.31459	40.523048	1473.8996	0.25802486	114.92247	19.999746	138.117	-69.794976	-0.54786585

0	330	0	46.736202	36.561469	3789.3024	0.27762664	112.39016	0.00060496841	145.31109	-45.310971	-0.84821712
1	330	0	42.731557	40.27391	1874.3227	0.27692972	112.39661	0.99993846	147.92601	-57.648143	-0.41815601
2	330	0	42.679853	40.317977	1854.461	0.27623819	112.41592	1.9999359	147.9559	-60.492559	-0.41898744
3	330	0	42.628672	40.361511	1834.7898	0.2755417	112.44809	2.9998418	147.9854	-62.173059	-0.42042225
4	330	0	42.577324	40.405103	1815.0518	0.2748293	112.49309	3.9998898	148.01491	-63.397626	-0.42247046
5	330	0	42.525323	40.449161	1795.0698	0.27409205	112.5509	4.999717	148.0447	-64.37635	-0.42514651
6	330	0	42.472357	40.493946	1774.7343	0.27332275	112.62147	5.9998428	148.07496	-65.193619	-0.42846907
7	330	0	42.418308	40.539554	1754.0095	0.27251647	112.70478	6.9998236	148.10574	-65.891436	-0.43246085
8	330	0	42.363167	40.585987	1732.9029	0.27166961	112.80076	7.9997384	148.13704	-66.493564	-0.43714837
9	330	0	42.307008	40.633177	1711.4541	0.27077969	112.90937	8.9998348	148.16882	-67.016189	-0.44256183
10	330	0	42.249979	40.680996	1689.7297	0.26984532	113.03057	9.9998227	148.20099	-67.47034	-0.44873517
11	330	0	42.192247	40.729299	1667.8033	0.26886558	113.16429	10.999939	148.23345	-67.865492	-0.45570388
12	330	0	42.134007	40.777922	1645.7588	0.26784019	113.31048	11.999881	148.26609	-68.209136	-0.46350495
13	330	0	42.075445	40.826705	1623.676	0.26676904	113.46909	12.999844	148.2988	-68.507478	-0.47217902
14	330	0	42.016747	40.875494	1601.6331	0.26565232	113.64004	13.999866	148.33147	-68.765998	-0.48177006
15	330	0	41.958093	40.924139	1579.7058	0.26449047	113.8233	14.999781	148.36402	-68.989376	-0.49232554
16	330	0	41.899641	40.972512	1557.9592	0.26328394	114.01879	15.999775	148.39634	-69.181834	-0.50389683
17	330	0	41.841539	41.02049	1536.455	0.26203337	114.22647	16.999777	148.42836	-69.346581	-0.51654136
18	330	0	41.78392	41.067968	1515.2474	0.2607395	114.44633	17.999742	148.46002	-69.486884	-0.53032369
19	330	0	41.72689	41.11486	1494.3803	0.25940298	114.67833	18.99994	148.49124	-69.605564	-0.54531243
20	330	0	41.670564	41.161077	1473.8996	0.25802486	114.92247	19.999746	148.52199	-69.70498	-0.56158184

0	340	0	47.531933	38.672909	3789.3024	0.27762664	112.39016	0.00060497367	156.72339	-45.336717	-0.85709997
1	340	0	43.0975	41.265076	1874.3227	0.27692972	112.39661	0.99993846	158.56791	-57.588627	-0.42549302
2	340	0	43.040706	41.295577	1854.461	0.27623819	112.41592	1.9999359	158.58873	-60.432743	-0.4263685
3	340	0	42.984498	41.325704	1834.7898	0.2755417	112.44809	2.9998418	158.60929	-62.112976	-0.4278568
4	340	0	42.928116	41.355865	1815.0518	0.2748293	112.49309	3.9998898	158.62984	-63.337273	-0.4299686
5	340	0	42.871028	41.386342	1795.0698	0.27409205	112.5509	4.999717	158.65059	-64.315705	-0.43271903
6	340	0	42.812892	41.417317	1774.7343	0.27332275	112.62147	5.9998428	158.67165	-65.132655	-0.43612741
7	340	0	42.753578	41.448855	1754.0095	0.27251647	112.70478	6.9998236	158.69307	-65.830132	-0.44021704
8	340	0	42.693076	41.480958	1732.9029	0.27166961	112.80076	7.9997384	158.71485	-66.431908	-0.44501506
9	340	0	42.63147	41.513578	1711.4541	0.27077969	112.90937	8.9998348	158.73695	-66.95418	-0.4505523
10	340	0	42.568922	41.546625	1689.7297	0.26984532	113.03057	9.9998227	158.75932	-67.40799	-0.45686337
11	340	0	42.505614	41.580001	1667.8033	0.26886558	113.16429	10.999939	158.78189	-67.802821	-0.46398445
12	340	0	42.441763	41.61359	1645.7588	0.26784019	113.31048	11.999881	158.80457	-68.146177	-0.4719532
13	340	0	42.377571	41.647285	1623.676	0.26676904	113.46909	12.999844	158.82729	-68.44427	-0.48081103
14	340	0	42.313243	41.680976	1601.6331	0.26565232	113.64004	13.999866	158.84999	-68.70259	-0.49060272
15	340	0	42.248977	41.714561	1579.7058	0.26449047	113.8233	14.999781	158.87258	-68.925822	-0.5013766
16	340	0	42.184944	41.747951	1557.9592	0.26328394	114.01879	15.999775	158.89502	-69.118196	-0.51318499
17	340	0	42.121307	41.781064	1536.455	0.26203337	114.22647	16.999777	158.91724	-69.282924	-0.52608641
18	340	0	42.05821	41.813824	1515.2474	0.2607395	114.44633	17.999742	158.9392	-69.423279	-0.5401466
19	340	0	41.995771	41.846174	1494.3803	0.25940298	114.67833	18.99994	158.96086	-69.542087	-0.55543544
20	340	0	41.934114	41.878052	1473.8996	0.25802486	114.92247	19.999746	158.98217	-69.641707	-0.57202859

0	350	0	48.025261	41.003576	3789.3024	0.27762664	112.39016	0.00060496915	168.31411	-45.376614	-0.86122369
1	350	0	43.322692	42.336782	1874.3227	0.27692972	112.39661	0.99993846	169.26868	-57.558389	-0.42997513
2	350	0	43.26275	42.352381	1854.461	0.27623819	112.41592	1.9999359	169.27937	-60.402059	-0.4308823
3	350	0	43.203432	42.367788	1834.7898	0.2755417	112.44809	2.9998418	169.28993	-62.081873	-0.432408
4	350	0	43.143937	42.38321	1815.0518	0.2748293	112.49309	3.9998898	169.30048	-63.305756	-0.43456344
5	350	0	43.083703	42.398792	1795.0698	0.27409205	112.5509	4.999717	169.31113	-64.283767	-0.43736422
6	350	0	43.02237	42.414626	1774.7343	0.27332275	112.62147	5.9998428	169.32194	-65.100284	-0.44083008
7	350	0	42.959801	42.430747	1754.0095	0.27251647	112.70478	6.9998236	169.33293	-65.797318	-0.44498473
8	350	0	42.895986	42.447154	1732.9029	0.27166961	112.80076	7.9997384	169.3441	-66.398644	-0.44985571
9	350	0	42.831013	42.463824	1711.4541	0.27077969	112.90937	8.9998348	169.35544	-66.920469	-0.45547425
10	350	0	42.765055	42.480709	1689.7297	0.26984532	113.03057	9.9998227	169.36692	-67.373839	-0.46187539
11	350	0	42.698304	42.497761	1667.8033	0.26886558	113.16429	10.999939	169.37849	-67.768246	-0.46909572
12	350	0	42.630986	42.51492	1645.7588	0.26784019	113.31048	11.999881	169.39012	-68.1112	-0.47717335
13	350	0	42.563318	42.532129	1623.676	0.26676904	113.46909	12.999844	169.40176	-68.408919	-0.48615016
14	350	0	42.495514	42.549336	1601.6331	0.26565232	113.64004	13.999866	169.4134	-68.666898	-0.49607142
15	350	0	42.427783	42.566486	1579.7058	0.26449047	113.8233	14.999781	169.42497	-68.889827	-0.50698603
16	350	0	42.360305	42.583534	1557.9592	0.26328394	114.01879	15.999775	169.43647	-69.08194	-0.51894692
17	350	0	42.293252	42.600438	1536.455	0.26203337	114.22647	16.999777	169.44785	-69.246454	-0.53201326
18	350	0	42.226776	42.617161	1515.2474	0.2607395	114.44633	17.999742	169.4591	-69.386644	-0.54625157
19	350	0	42.161001	42.633672	1494.3803	0.25940298	114.67833	18.99994	169.47019	-69.505338	-0.56173255
20	350	0	42.096056	42.649941	1473.8996	0.25802486	114.92247	19.999746	169.4811	-69.6049	-0.5785327

